Queen - The Show Must Go On.mp3
40	41	81	180	276	18008004040
40	78	108	123	211	12210807840
40	76	108	147	218	14610807640
40	68	91	142	251	14209006840
40	74	113	170	244	17011207440
40	52	118	137	265	13611805240
40	73	108	166	206	16610807240
40	45	102	127	293	12610204440
40	53	118	126	294	12611805240
40	66	106	127	299	12610606640
40	51	109	171	213	17010805040
40	43	88	146	231	14608804240
40	49	82	162	242	16208204840
40	46	103	160	186	16010204640
40	69	109	133	195	13210806840
40	78	114	177	241	17611407840
40	50	87	149	290	14808605040
40	59	102	168	273	16810205840
40	78	98	128	208	12809807840
40	59	108	144	196	14410805840
40	78	99	163	245	16209807840
40	60	82	127	280	12608206040
40	78	87	128	270	12808607840
40	53	107	139	255	13810605240
40	46	110	127	246	12611004640
40	73	114	158	284	15811407240
40	43	117	131	286	13011604240
40	78	103	138	239	13810207840
40	69	116	166	213	16611606840
40	43	115	154	187	15411404240
40	51	92	145	239	14409205040
40	49	90	132	283	13209004840
40	79	113	149	216	14811207840
40	49	111	157	211	15611004840
40	66	85	139	245	13808406640
40	41	90	176	235	17609004040
40	49	84	155	223	15408404840
40	56	88	160	281	16008805640
40	62	116	165	240	16411606240
40	49	89	178	295	17808804840
40	44	117	176	235	17611604440
40	70	108	137	245	13610807040
40	54	82	143	287	14208205440
40	62	102	125	193	12410206240
40	78	114	164	185	16411407840
40	78	98	160	206	16009807840
40	79	108	131	286	13010807840
40	67	92	123	203	12209206640
40	54	86	177	242	17608605440
40	53	88	139	262	13808805240
40	51	90	129	287	12809005040
40	48	118	157	263	15611804840
40	59	118	144	224	14411805840
40	42	119	136	200	13611804240
40	70	106	150	231	15010607040
40	77	102	144	235	14410207640
40	69	81	170	254	17008006840
40	41	89	140	216	14008804040
40	51	108	155	200	15410805040
40	78	119	157	279	15611807840
40	68	96	177	212	17609606840
40	59	98	177	237	17609805840
40	56	92	143	267	14209205640
40	59	100	141	250	14010005840
40	67	118	169	221	16811806640
40	69	97	170	263	17009606840
40	50	88	180	235	18008805040
40	73	88	125	264	12408807240
40	72	98	178	297	17809807240
40	49	108	178	268	17810804840
40	63	98	178	247	17809806240
40	61	85	172	236	17208406040
40	53	90	137	286	13609005240
40	63	84	171	298	17008406240
40	67	108	157	271	15610806640
40	79	95	125	288	12409407840
40	59	105	133	216	13210405840
40	76	115	127	291	12611407640
40	68	94	137	256	13609406840
40	53	108	136	287	13610805240
40	79	88	128	264	12808807840
40	78	84	134	239	13408407840
40	55	87	153	252	15208605440
40	67	112	155	209	15411206640
40	73	117	167	294	16611607240
40	73	110	172	284	17211007240
40	44	84	174	183	17408404440
40	69	118	137	221	13611806840
40	49	104	171	234	17010404840
40	59	90	168	278	16809005840
40	49	108	162	197	16210804840
40	47	102	167	208	16610204640
40	56	97	170	186	17009605640
40	68	98	172	249	17209806840
40	72	103	167	264	16610207240
40	68	88	135	229	13408806840
40	49	118	137	253	13611804840
40	65	100	139	239	13810006440
40	49	101	172	257	17210004840
40	56	102	144	258	14410205640
40	71	99	161	285	16009807040
40	59	98	124	278	12409805840
40	49	88	138	294	13808804840
40	41	94	137	220	13609404040
40	72	118	133	192	13211807240
40	64	114	180	223	18011406440
40	61	84	142	260	14208406040
40	41	88	133	215	13208804040
40	73	108	154	283	15410807240
40	73	118	142	233	14211807240
40	55	98	164	222	16409805440
40	44	117	154	281	15411604440
40	75	108	127	276	12610807440
40	67	117	152	290	15211606640
40	46	103	127	213	12610204640
40	47	98	174	284	17409804640
40	49	88	127	185	12608804840
40	70	103	131	205	13010207040
40	56	110	125	197	12411005640
40	49	108	147	270	14610804840
40	77	84	162	236	16208407640
40	71	82	171	284	17008207040
40	57	113	122	254	12211205640
40	68	97	124	240	12409606840
40	70	90	122	214	12209007040
40	54	105	177	216	17610405440
40	45	84	157	289	15608404440
40	52	84	121	223	12008405240
40	51	108	157	248	15610805040
40	48	98	167	184	16609804840
40	49	98	137	253	13609804840
40	48	99	138	199	13809804840
40	69	88	137	269	13608806840
40	74	119	128	265	12811807440
40	49	88	140	190	14008804840
40	45	116	157	204	15611604440
40	76	117	152	280	15211607640
40	59	81	144	228	14408005840
40	71	119	164	236	16411807040
40	55	119	167	184	16611805440
40	70	108	167	267	16610807040
40	80	116	157	246	15611608040
40	49	98	128	231	12809804840
40	75	106	146	258	14610607440
40	50	111	175	278	17411005040
40	59	111	175	284	17411005840
40	78	98	158	264	15809807840
40	50	98	168	224	16809805040
40	67	98	140	260	14009806640
40	49	114	174	295	17411404840
40	76	111	162	193	16211007640
40	42	117	164	281	16411604240
40	52	104	137	283	13610405240
40	77	98	132	268	13209807640
40	70	98	171	249	17009807040
40	49	88	175	292	17408804840
40	46	109	129	299	12810804640
40	76	108	177	191	17610807640
40	54	105	128	243	12810405440
40	76	117	150	258	15011607640
40	44	86	167	186	16608604440
40	67	117	127	226	12611606640
40	64	88	147	263	14608806440
40	51	99	129	210	12809805040
40	42	108	177	186	17610804240
40	45	104	137	255	13610404440
40	58	108	165	218	16410805840
40	59	117	157	202	15611605840
40	64	105	161	183	16010406440
40	58	117	137	230	13611605840
40	59	93	167	223	16609205840
40	49	100	122	256	12210004840
40	59	87	179	277	17808605840
40	48	103	121	276	12010204840
40	79	93	157	201	15609207840
40	49	85	125	181	12408404840
40	69	88	150	225	15008806840
40	68	110	158	186	15811006840
40	49	114	127	189	12611404840
40	41	98	126	237	12609804040
40	50	119	150	269	15011805040
40	68	88	155	232	15408806840
40	57	108	179	248	17810805640
40	77	119	154	220	15411807640
40	58	84	130	197	13008405840
40	68	93	172	285	17209206840
40	57	111	156	227	15611005640
40	57	98	165	220	16409805640
40	52	105	150	294	15010405240
40	69	108	127	268	12610806840
40	78	87	128	201	12808607840
40	58	118	156	291	15611805840
40	79	98	148	246	14809807840
40	69	84	144	234	14408406840
40	56	96	136	297	13609605640
40	74	91	146	233	14609007440
40	79	108	163	231	16210807840
40	49	100	153	228	15210004840
40	55	108	167	236	16610805440
40	78	108	138	252	13810807840
40	46	94	146	182	14609404640
40	59	116	162	262	16211605840
40	68	97	146	265	14609606840
40	78	107	139	260	13810607840
40	57	87	168	237	16808605640
40	44	101	157	285	15610004440
40	54	112	157	228	15611205440
40	59	88	157	282	15608805840
40	62	87	177	279	17608606240
40	69	117	137	275	13611606840
40	78	98	150	245	15009807840
40	76	94	166	249	16609407640
40	73	97	157	253	15609607240
40	64	93	157	218	15609206440
40	59	83	179	230	17808205840
40	50	110	154	208	15411005040
40	60	98	163	278	16209806040
40	69	94	176	274	17609406840
40	58	111	130	290	13011005840
40	62	81	176	285	17608006240
40	70	86	127	234	12608607040
40	48	88	163	262	16208804840
40	70	103	138	213	13810207040
40	49	82	140	231	14008204840
40	69	98	157	197	15609806840
40	70	88	128	234	12808807040
40	78	106	127	207	12610607840
40	59	98	137	216	13609805840
40	69	116	127	196	12611606840
40	68	115	147	220	14611406840
40	72	89	154	269	15408807240
40	60	85	128	290	12808406040
40	69	87	179	243	17808606840
40	55	85	137	284	13608405440
40	50	118	165	220	16411805040
40	44	88	135	245	13408804440
40	67	92	161	293	16009206640
40	56	112	125	267	12411205640
40	78	86	173	225	17208607840
40	67	108	167	229	16610806640
40	68	116	156	265	15611606840
40	48	87	171	228	17008604840
40	77	88	137	244	13608807640
40	59	94	124	222	12409405840
40	66	118	149	231	14811806640
40	78	88	147	188	14608807840
40	78	118	135	207	13411807840
40	69	94	136	226	13609406840
40	49	81	128	196	12808004840
40	44	91	160	208	16009004440
40	61	83	176	270	17608206040
40	74	92	141	203	14009207440
40	58	88	130	219	13008805840
40	79	115	128	235	12811407840
40	56	109	137	284	13610805640
40	69	115	127	257	12611406840
40	71	103	176	263	17610207040
40	57	116	174	224	17411605640
40	58	91	137	217	13609005840
40	70	89	137	208	13608807040
40	57	112	166	277	16611205640
40	76	110	134	259	13411007640
40	72	119	161	248	16011807240
40	47	90	148	277	14809004640
40	49	108	124	191	12410804840
40	66	88	134	285	13408806640
40	69	109	160	231	16010806840
40	68	90	179	288	17809006840
40	78	88	129	187	12808807840
40	77	98	176	287	17609807640
40	76	105	166	220	16610407640
40	54	114	172	225	17211405440
40	78	108	149	287	14810807840
40	75	89	130	255	13008807440
40	59	105	160	292	16010405840
40	78	83	158	298	15808207840
40	49	107	162	285	16210604840
40	66	98	130	200	13009806640
40	49	116	127	286	12611604840
40	41	88	167	263	16608804040
40	69	89	178	219	17808806840
40	69	98	177	215	17609806840
40	57	89	137	285	13608805640
40	41	99	165	264	16409804040
40	59	94	163	194	16209405840
40	63	89	138	248	13808806240
40	75	113	177	297	17611207440
40	53	88	156	242	15608805240
40	63	88	123	217	12208806240
40	49	113	152	275	15211204840
40	42	98	179	227	17809804240
40	62	82	139	274	13808206240
40	69	108	128	204	12810806840
40	47	98	180	224	18009804640
40	66	108	125	295	12410806640
40	57	90	165	202	16409005640
40	68	91	147	196	14609006840
40	60	113	142	288	14211206040
40	49	88	137	276	13608804840
40	51	88	147	213	14608805040
40	60	107	142	266	14210606040
40	52	97	169	277	16809605240
40	76	118	152	196	15211807640
40	59	102	137	203	13610205840
40	49	104	170	231	17010404840
40	69	98	159	275	15809806840
40	79	116	168	216	16811607840
40	62	108	172	248	17210806240
40	62	101	127	182	12610006240
40	50	105	163	288	16210405040
40	67	98	176	197	17609806640
40	78	112	127	205	12611207840
40	49	88	177	209	17608804840
40	80	110	162	255	16211008040
40	75	82	149	293	14808207440
40	45	118	144	232	14411804440
40	78	82	168	226	16808207840
40	50	98	126	234	12609805040
40	60	105	176	216	17610406040
40	74	104	129	245	12810407440
40	62	84	147	275	14608406240
40	43	98	149	240	14809804240
40	58	118	147	278	14611805840
40	43	81	147	208	14608004240
40	44	109	157	226	15610804440
40	58	87	177	201	17608605840
40	74	98	122	224	12209807440
40	55	115	180	182	18011405440
40	59	109	147	288	14610805840
40	66	109	135	210	13410806640
40	49	101	176	282	17610004840
40	68	81	158	191	15808006840
40	69	88	160	239	16008806840
40	59	98	177	280	17609805840
40	49	88	168	259	16808804840
40	71	117	137	285	13611607040
40	78	108	147	199	14610807840
40	55	83	180	265	18008205440
40	53	108	128	265	12810805240
40	68	90	178	250	17809006840
40	64	88	157	284	15608806440
40	52	83	171	239	17008205240
40	62	110	152	221	15211006240
40	41	120	128	226	12812004040
40	70	98	173	280	17209807040
40	59	100	147	262	14610005840
40	70	99	139	227	13809807040
40	68	95	129	264	12809406840
40	79	94	132	217	13209407840
40	64	106	160	269	16010606440
40	79	108	164	299	16410807840
40	60	108	135	263	13410806040
40	59	89	155	265	15408805840
40	71	115	160	203	16011407040
40	51	96	131	183	13009605040
40	69	107	144	214	14410606840
40	58	108	157	206	15610805840
40	57	98	173	186	17209805640
40	76	104	151	261	15010407640
40	69	113	147	266	14611206840
40	77	115	148	272	14811407640
40	76	108	169	280	16810807640
40	58	108	157	216	15610805840
40	72	98	168	205	16809807240
40	59	112	137	213	13611205840
40	79	114	162	213	16211407840
40	57	88	137	214	13608805640
40	75	98	166	279	16609807440
40	75	100	157	299	15610007440
40	55	119	173	197	17211805440
40	73	118	177	194	17611807240
40	48	95	167	280	16609404840
40	58	98	146	201	14609805840
40	80	102	137	225	13610208040
40	80	88	179	284	17808808040
40	69	108	154	255	15410806840
40	57	98	159	239	15809805640
40	79	96	129	228	12809607840
40	62	88	131	255	13008806240
40	61	98	167	217	16609806040
40	51	108	147	258	14610805040
40	49	88	124	217	12408804840
40	43	108	158	209	15810804240
40	79	99	137	282	13609807840
40	43	119	150	236	15011804240
40	59	98	122	284	12209805840
40	53	100	136	183	13610005240
40	42	98	154	225	15409804240
40	66	86	134	224	13408606640
40	78	86	160	239	16008607840
40	44	111	155	186	15411004440
40	80	87	157	278	15608608040
40	63	100	138	279	13810006240
40	78	118	151	213	15011807840
40	49	118	171	298	17011804840
40	62	86	123	248	12208606240
40	64	97	173	270	17209606440
40	80	108	126	285	12610808040
40	69	88	137	194	13608806840
40	48	103	131	292	13010204840
40	75	99	139	232	13809807440
40	61	96	129	199	12809606040
40	59	119	137	246	13611805840
40	69	118	136	262	13611806840
40	68	88	122	219	12208806840
40	41	108	147	234	14610804040
40	42	116	132	270	13211604240
40	58	101	146	245	14610005840
40	45	109	127	201	12610804440
40	49	110	166	233	16611004840
40	50	115	168	284	16811405040
40	49	115	150	235	15011404840
40	74	85	166	293	16608407440
40	46	83	133	265	13208204640
40	75	108	147	274	14610807440
40	65	103	156	260	15610206440
40	55	101	156	280	15610005440
40	75	88	132	207	13208807440
40	77	117	156	201	15611607640
40	68	99	138	202	13809806840
40	71	118	177	262	17611807040
40	60	107	174	293	17410606040
40	57	87	153	228	15208605640
40	66	98	161	292	16009806640
40	60	98	127	295	12609806040
40	49	89	163	212	16208804840
40	62	88	157	233	15608806240
40	69	109	133	235	13210806840
40	78	88	166	228	16608807840
40	78	117	142	231	14211607840
40	59	110	137	273	13611005840
40	79	108	141	239	14010807840
40	42	100	178	220	17810004240
40	51	82	137	216	13608205040
40	59	113	157	258	15611205840
40	77	98	177	235	17609807640
40	61	98	145	196	14409806040
40	53	117	177	286	17611605240
40	54	88	166	244	16608805440
40	41	118	171	272	17011804040
40	49	103	145	279	14410204840
40	69	102	172	274	17210206840
40	55	108	125	203	12410805440
40	59	95	129	202	12809405840
40	68	118	168	245	16811806840
40	57	116	169	269	16811605640
40	69	84	136	272	13608406840
40	59	98	156	190	15609805840
40	78	118	174	262	17411807840
40	48	117	158	194	15811604840
40	69	82	126	212	12608206840
40	58	118	172	232	17211805840
40	47	91	123	273	12209004640
40	71	93	137	275	13609207040
40	68	108	136	292	13610806840
40	49	112	170	255	17011204840
40	48	108	158	253	15810804840
40	59	93	122	284	12209205840
40	56	82	151	261	15008205640
40	57	98	127	284	12609805640
40	62	93	147	250	14609206240
40	65	107	123	190	12210606440
40	47	118	165	219	16411804640
40	62	115	147	284	14611406240
40	43	108	125	224	12410804240
40	53	82	173	213	17208205240
40	45	98	147	223	14609804440
40	43	119	176	186	17611804240
40	59	119	169	213	16811805840
40	51	94	168	246	16809405040
40	42	98	167	282	16609804240
40	70	92	136	283	13609207040
40	47	116	166	185	16611604640
40	53	92	135	190	13409205240
40	78	96	151	262	15009607840
40	77	108	156	260	15610807640
40	59	84	163	212	16208405840
40	52	107	129	251	12810605240
40	77	119	170	294	17011807640
40	52	86	147	252	14608605240
40	63	81	158	240	15808006240
40	65	95	137	265	13609406440
40	59	111	137	223	13611005840
40	68	111	177	275	17611006840
40	49	119	128	239	12811804840
40	49	109	152	268	15210804840
40	69	108	127	230	12610806840
40	59	81	177	284	17608005840
40	42	97	157	277	15609604240
40	45	119	157	284	15611804440
40	61	105	124	226	12410406040
40	66	81	162	250	16208006640
40	68	115	126	297	12611406840
40	59	87	149	298	14808605840
40	59	88	125	200	12408805840
40	43	98	169	187	16809804240
40	78	86	177	210	17608607840
40	59	98	156	264	15609805840
40	58	108	137	231	13610805840
40	53	117	157	255	15611605240
40	53	85	144	250	14408405240
40	67	119	131	202	13011806640
40	52	94	138	297	13809405240
40	49	101	126	229	12610004840
40	49	91	148	287	14809004840
40	61	88	134	225	13408806040
40	65	120	146	218	14612006440
40	76	120	130	235	13012007640
40	60	98	171	212	17009806040
40	69	87	123	218	12208606840
40	78	117	133	214	13211607840
40	78	88	131	275	13008807840
40	64	92	157	262	15609206440
40	66	95	149	187	14809406640
40	59	110	147	243	14611005840
40	59	110	143	192	14211005840
40	59	117	138	290	13811605840
40	59	98	132	237	13209805840
40	69	102	157	216	15610206840
40	54	85	178	257	17808405440
40	77	90	144	271	14409007640
40	51	86	150	276	15008605040
40	70	114	175	182	17411407040
40	73	117	152	224	15211607240
40	67	104	133	244	13210406640
40	60	103	176	294	17610206040
40	44	98	161	280	16009804440
40	47	100	147	274	14610004640
40	72	85	146	272	14608407240
40	69	98	137	255	13609806840
40	54	118	176	183	17611805440
40	71	117	170	209	17011607040
40	68	98	150	269	15009806840
40	49	92	158	217	15809204840
40	59	89	147	281	14608805840
40	55	111	168	267	16811005440
40	47	100	122	247	12210004640
40	65	108	129	285	12810806440
40	76	88	144	261	14408807640
40	75	88	159	182	15808807440
40	60	83	144	214	14408206040
40	76	119	160	250	16011807640
40	57	106	155	290	15410605640
40	78	114	166	294	16611407840
40	49	108	142	251	14210804840
40	70	98	145	280	14409807040
40	69	87	160	244	16008606840
40	56	118	167	249	16611805640
40	59	89	149	200	14808805840
40	61	118	139	294	13811806040
40	58	87	139	265	13808605840
40	69	117	128	287	12811606840
40	77	106	131	291	13010607640
40	55	106	155	265	15410605440
40	73	86	135	284	13408607240
40	76	98	147	204	14609807640
40	54	88	167	295	16608805440
40	76	87	171	210	17008607640
40	61	98	147	209	14609806040
40	54	99	158	243	15809805440
40	63	90	141	281	14009006240
40	78	98	122	264	12209807840
40	78	108	165	246	16410807840
40	58	98	137	270	13609805840
40	71	91	176	188	17609007040
40	53	101	175	230	17410005240
40	78	88	147	225	14608807840
40	56	105	133	270	13210405640
40	78	98	171	254	17009807840
40	79	104	139	191	13810407840
40	47	100	173	201	17210004640
40	50	120	176	218	17612005040
40	66	88	143	235	14208806640
40	77	104	127	295	12610407640
40	46	108	127	205	12610804640
40	59	88	156	276	15608805840
40	52	107	145	250	14410605240
40	41	84	171	216	17008404040
40	70	117	127	194	12611607040
40	45	90	180	294	18009004440
40	50	110	180	220	18011005040
40	49	102	144	291	14410204840
40	57	107	156	261	15610605640
40	71	95	157	190	15609407040
40	64	84	155	240	15408406440
40	61	98	160	203	16009806040
40	76	112	128	194	12811207640
40	49	95	127	294	12609404840
40	68	89	141	241	14008806840
40	60	93	149	207	14809206040
40	45	92	162	248	16209204440
40	58	120	128	231	12812005840
40	59	112	124	246	12411205840
40	69	98	138	263	13809806840
40	55	95	137	235	13609405440
40	62	86	128	225	12808606240
40	48	98	179	254	17809804840
40	79	97	159	267	15809607840
40	57	101	139	198	13810005640
40	80	109	147	248	14610808040
40	61	88	159	185	15808806040
40	80	93	133	214	13209208040
40	65	103	142	294	14210206440
40	51	98	166	194	16609805040
40	41	87	176	288	17608604040
40	69	95	147	290	14609406840
40	70	94	146	214	14609407040
40	52	120	157	261	15612005240
40	47	94	175	212	17409404640
40	79	98	168	221	16809807840
40	68	82	158	196	15808206840
40	53	83	125	261	12408205240
40	41	92	138	263	13809204040
40	43	85	175	285	17408404240
40	78	108	163	293	16210807840
40	59	92	166	212	16609205840
40	47	118	125	258	12411804640
40	52	85	154	299	15408405240
40	52	108	133	219	13210805240
40	62	110	130	270	13011006240
40	65	109	151	277	15010806440
40	41	82	128	252	12808204040
40	67	97	154	254	15409606640
40	68	94	155	241	15409406840
40	47	81	137	184	13608004640
40	71	88	171	231	17008807040
40	61	109	138	296	13810806040
40	59	108	177	208	17610805840
40	76	88	139	198	13808807640
40	67	88	169	299	16808806640
40	74	118	140	207	14011807440
40	53	82	164	186	16408205240
40	69	84	130	257	13008406840
40	51	114	125	294	12411405040
40	78	90	127	284	12609007840
40	52	102	141	220	14010205240
40	72	88	150	209	15008807240
40	76	98	141	246	14009807640
40	72	91	121	263	12009007240
40	49	114	123	243	12211404840
40	62	113	148	202	14811206240
40	69	95	143	275	14209406840
40	78	83	162	193	16208207840
40	49	109	123	238	12210804840
40	44	88	138	281	13808804440
40	49	110	174	263	17411004840
40	66	120	179	271	17812006640
40	73	95	139	215	13809407240
40	59	98	151	235	15009805840
40	57	112	122	243	12211205640
40	43	105	166	243	16610404240
40	43	115	171	213	17011404240
40	49	82	170	273	17008204840
40	58	97	157	193	15609605840
40	77	97	143	182	14209607640
40	56	103	130	190	13010205640
40	70	115	168	239	16811407040
40	80	88	137	193	13608808040
40	67	116	179	202	17811606640
40	59	109	137	192	13610805840
40	49	115	175	195	17411404840
40	76	101	129	282	12810007640
40	69	88	156	242	15608806840
40	66	108	127	256	12610806640
40	79	82	168	264	16808207840
40	76	107	123	284	12210607640
40	79	110	139	247	13811007840
40	59	110	137	181	13611005840
40	59	103	141	186	14010205840
40	44	98	172	214	17209804440
40	57	108	147	294	14610805640
40	49	108	137	250	13610804840
40	50	107	178	245	17810605040
40	80	98	159	255	15809808040
40	69	86	162	285	16208606840
40	80	115	159	294	15811408040
40	68	114	135	292	13411406840
40	55	108	174	239	17410805440
40	65	108	146	274	14610806440
40	41	118	134	221	13411804040
40	72	88	174	242	17408807240
40	59	88	177	263	17608805840
40	69	101	134	265	13410006840
40	64	89	121	229	12008806440
40	45	114	134	261	13411404440
40	72	118	174	214	17411807240
40	49	108	131	188	13010804840
40	44	98	130	232	13009804440
40	58	90	157	238	15609005840
40	68	86	153	287	15208606840
40	69	88	170	225	17008806840
40	43	82	132	295	13208204240
40	51	118	172	281	17211805040
40	44	108	148	197	14810804440
40	78	104	159	238	15810407840
40	58	108	137	265	13610805840
40	55	116	177	294	17611605440
40	78	104	158	187	15810407840
40	45	116	147	255	14611604440
40	56	98	140	293	14009805640
40	59	82	130	219	13008205840
40	62	114	157	244	15611406240
40	49	85	164	260	16408404840
40	75	116	140	294	14011607440
40	49	113	164	265	16411204840
40	79	112	151	207	15011207840
40	72	118	166	267	16611807240
40	42	118	140	264	14011804240
40	54	108	152	284	15210805440
40	47	101	170	187	17010004640
40	55	114	157	274	15611405440
40	42	119	126	275	12611804240
40	59	118	150	282	15011805840
40	56	86	147	204	14608605640
40	64	94	151	213	15009406440
40	42	88	130	190	13008804240
40	59	94	127	214	12609405840
40	54	105	152	212	15210405440
40	55	108	147	195	14610805440
40	80	108	147	284	14610808040
40	75	106	173	218	17210607440
40	50	91	147	244	14609005040
40	55	107	167	284	16610605440
40	78	98	128	215	12809807840
40	67	81	157	264	15608006640
40	62	108	136	283	13610806240
40	73	119	157	288	15611807240
40	47	95	166	262	16609404640
40	63	91	179	214	17809006240
40	45	111	158	275	15811004440
40	51	105	125	233	12410405040
40	68	105	161	206	16010406840
40	48	118	147	268	14611804840
40	53	98	124	213	12409805240
40	79	98	140	252	14009807840
40	45	104	152	248	15210404440
40	60	120	146	184	14612006040
40	69	105	143	197	14210406840
40	79	98	179	232	17809807840
40	55	97	155	212	15409605440
40	59	108	163	294	16210805840
40	69	91	144	204	14409006840
40	64	106	128	189	12810606440
40	58	88	140	242	14008805840
40	56	86	174	260	17408605640
40	49	84	162	233	16208404840
40	57	98	180	276	18009805640
40	42	118	180	264	18011804240
40	43	120	157	224	15612004240
40	69	94	151	280	15009406840
40	43	86	168	265	16808604240
40	71	89	158	274	15808807040
40	62	95	140	187	14009406240
40	43	91	174	243	17409004240
40	52	106	133	187	13210605240
40	52	90	177	200	17609005240
40	78	112	178	223	17811207840
40	71	89	164	186	16408807040
40	67	120	137	255	13612006640
40	64	97	122	241	12209606440
40	68	102	172	295	17210206840
40	79	108	125	289	12410807840
40	77	110	178	245	17811007640
40	49	117	132	245	13211604840
40	65	99	177	233	17609806440
40	68	116	177	280	17611606840
40	49	114	144	295	14411404840
40	69	99	180	245	18009806840
40	59	97	147	213	14609605840
40	59	116	135	203	13411605840
40	69	118	122	233	12211806840
40	41	106	132	252	13210604040
40	70	110	162	204	16211007040
40	76	108	137	205	13610807640
40	44	102	147	243	14610204440
40	78	98	156	248	15609807840
40	78	94	177	254	17609407840
40	55	101	147	253	14610005440
40	54	98	122	200	12209805440
40	69	112	124	195	12411206840
40	50	118	173	292	17211805040
40	62	118	166	282	16611806240
40	70	85	179	254	17808407040
40	69	88	176	190	17608806840
40	68	104	147	249	14610406840
40	42	117	165	252	16411604240
40	72	103	127	265	12610207240
40	69	117	174	298	17411606840
40	59	81	147	185	14608005840
40	62	118	138	244	13811806240
40	62	118	131	231	13011806240
40	69	98	124	207	12409806840
40	44	101	167	202	16610004440
40	65	98	149	190	14809806440
40	69	93	149	181	14809206840
40	70	97	133	284	13209607040
40	73	105	177	253	17610407240
40	59	116	145	283	14411605840
40	50	99	121	207	12009805040
40	75	108	122	290	12210807440
40	49	105	166	254	16610404840
40	50	113	173	210	17211205040
40	56	90	160	257	16009005640
40	53	110	180	288	18011005240
40	47	89	176	273	17608804640
40	78	116	152	188	15211607840
40	45	89	156	222	15608804440
40	60	98	165	239	16409806040
40	79	115	173	294	17211407840
40	49	112	149	264	14811204840
40	70	120	129	272	12812007040
40	53	118	177	258	17611805240
40	79	85	176	194	17608407840
40	42	117	133	273	13211604240
40	45	118	173	206	17211804440
40	54	114	126	182	12611405440
40	49	81	161	274	16008004840
40	54	94	144	264	14409405440
40	57	81	165	276	16408005640
40	80	108	166	258	16610808040
40	80	98	157	245	15609808040
40	79	86	134	244	13408607840
40	49	107	157	223	15610604840
40	79	95	137	240	13609407840
40	59	98	129	234	12809805840
40	78	105	163	202	16210407840
40	63	108	122	271	12210806240
40	69	107	124	246	12410606840
40	79	118	124	252	12411807840
40	74	117	160	231	16011607440
40	42	105	141	243	14010404240
40	69	118	161	268	16011806840
40	67	103	174	233	17410206640
40	77	98	145	184	14409807640
40	73	84	166	228	16608407240
40	69	103	153	189	15210206840
40	78	92	178	274	17809207840
40	68	105	137	288	13610406840
40	69	108	159	226	15810806840
40	61	111	128	213	12811006040
40	78	108	165	196	16410807840
40	45	82	133	193	13208204440
40	79	100	124	218	12410007840
40	58	84	145	202	14408405840
40	49	98	135	244	13409804840
40	78	118	160	211	16011807840
40	61	111	154	273	15411006040
40	55	119	170	288	17011805440
40	58	92	160	265	16009205840
40	45	118	163	265	16211804440
40	51	117	169	212	16811605040
40	59	119	147	186	14611805840
40	78	92	171	284	17009207840
40	42	91	151	230	15009004240
40	55	118	154	222	15411805440
40	49	120	144	183	14412004840
40	54	94	171	218	17009405440
40	72	88	167	209	16608807240
40	52	109	132	292	13210805240
40	57	98	173	251	17209805640
40	59	101	166	264	16610005840
40	54	103	174	186	17410205440
40	59	98	150	284	15009805840
40	49	109	166	254	16610804840
40	59	106	175	264	17410605840
40	49	114	139	245	13811404840
40	51	88	129	201	12808805040
40	55	83	137	218	13608205440
40	77	107	124	184	12410607640
40	50	84	141	226	14008405040
40	51	97	179	228	17809605040
40	49	117	129	230	12811604840
40	76	108	130	183	13010807640
40	73	104	157	225	15610407240
40	63	101	159	196	15810006240
40	64	111	148	290	14811006440
40	68	115	162	255	16211406840
40	66	88	176	222	17608806640
40	59	98	144	232	14409805840
40	75	118	155	263	15411807440
40	62	81	157	289	15608006240
40	78	87	149	215	14808607840
40	53	92	140	298	14009205240
40	59	83	151	207	15008205840
40	69	109	151	244	15010806840
40	73	85	158	285	15808407240
40	69	100	138	249	13810006840
40	57	108	177	186	17610805640
40	52	103	153	263	15210205240
40	69	93	139	286	13809206840
40	67	107	180	266	18010606640
40	49	89	160	296	16008804840
40	49	98	155	279	15409804840
40	63	117	159	245	15811606240
40	48	108	163	252	16210804840
40	58	82	137	203	13608205840
40	75	115	180	231	18011407440
40	56	105	134	286	13410405640
40	58	88	178	213	17808805840
40	50	104	157	237	15610405040
40	68	94	179	195	17809406840
40	72	107	128	235	12810607240
40	48	90	126	203	12609004840
40	63	107	137	193	13610606240
40	68	108	127	250	12610806840
40	77	98	139	221	13809807640
40	59	118	153	274	15211805840
40	78	97	122	297	12209607840
40	54	81	128	239	12808005440
40	44	93	157	236	15609204440
40	64	119	148	260	14811806440
40	69	108	159	220	15810806840
40	69	88	166	202	16608806840
40	76	116	137	296	13611607640
40	78	89	144	182	14408807840
40	79	107	152	255	15210607840
40	59	107	156	270	15610605840
40	49	116	147	208	14611604840
40	59	88	171	198	17008805840
40	71	98	166	262	16609807040
40	60	119	149	226	14811806040
40	44	105	147	241	14610404440
40	71	88	167	227	16608807040
40	49	105	133	220	13210404840
40	48	84	123	275	12208404840
40	53	105	153	273	15210405240
40	48	98	169	240	16809804840
40	59	103	137	232	13610205840
40	79	96	134	253	13409607840
40	57	90	158	186	15809005640
40	59	108	130	192	13010805840
40	41	107	127	294	12610604040
40	62	109	164	235	16410806240
40	69	117	147	220	14611606840
40	53	108	178	298	17810805240
40	69	91	148	274	14809006840
40	69	87	158	194	15808606840
40	52	94	178	268	17809405240
40	77	87	127	211	12608607640
40	75	114	172	290	17211407440
40	68	89	157	261	15608806840
40	76	100	129	236	12810007640
40	69	116	129	245	12811606840
40	44	89	179	199	17808804440
40	75	120	148	211	14812007440
40	65	85	152	239	15208406440
40	74	94	159	252	15809407440
40	80	92	146	240	14609208040
40	50	82	147	219	14608205040
40	42	89	157	281	15608804240
40	70	112	145	191	14411207040
40	77	88	176	205	17608807640
40	61	118	174	284	17411806040
40	43	100	176	237	17610004240
40	64	92	138	189	13809206440
40	71	108	131	253	13010807040
40	69	105	174	198	17410406840
40	62	87	147	213	14608606240
40	64	118	130	263	13011806440
40	62	113	172	193	17211206240
40	59	95	122	197	12209405840
40	78	101	127	218	12610007840
40	78	92	137	275	13609207840
40	58	95	127	267	12609405840
40	49	113	159	205	15811204840
40	69	113	133	291	13211206840
40	67	86	176	248	17608606640
40	80	90	167	215	16609008040
40	43	100	159	195	15810004240
40	61	94	158	235	15809406040
40	68	85	171	245	17008406840
40	67	109	162	294	16210806640
40	78	118	179	267	17811807840
40	72	95	139	206	13809407240
40	46	88	179	196	17808804640
40	78	98	161	219	16009807840
40	49	118	121	190	12011804840
40	58	108	137	290	13610805840
40	63	98	178	206	17809806240
40	68	100	127	196	12610006840
40	50	98	157	261	15609805040
40	75	108	172	291	17210807440
40	77	98	138	231	13809807640
40	78	107	157	234	15610607840
40	59	98	167	253	16609805840
40	80	98	137	203	13609808040
40	48	91	128	274	12809004840
40	48	82	147	256	14608204840
40	67	88	138	242	13808806640
40	66	112	137	270	13611206640
40	69	118	137	242	13611806840
40	54	118	158	252	15811805440
40	77	117	137	245	13611607640
40	76	98	137	274	13609807640
40	59	90	171	224	17009005840
40	59	85	147	294	14608405840
40	55	108	121	247	12010805440
40	68	92	147	224	14609206840
40	79	109	169	194	16810807840
40	69	98	157	257	15609806840
40	45	90	126	260	12609004440
40	47	113	157	254	15611204640
40	44	113	164	284	16411204440
40	49	98	143	236	14209804840
40	61	108	157	241	15610806040
40	76	89	165	235	16408807640
40	73	107	166	269	16610607240
40	70	107	147	271	14610607040
40	75	84	157	235	15608407440
40	78	88	137	223	13608807840
40	61	117	127	276	12611606040
40	78	118	180	207	18011807840
40	73	88	157	250	15608807240
40	79	108	177	231	17610807840
40	51	98	150	186	15009805040
40	41	95	166	186	16609404040
40	41	112	137	211	13611204040
40	56	108	137	257	13610805640
40	74	111	167	278	16611007440
40	49	117	166	269	16611604840
40	55	118	147	255	14611805440
40	49	98	132	190	13209804840
40	49	81	155	219	15408004840
40	69	106	157	191	15610606840
40	74	88	125	196	12408807440
40	56	108	147	227	14610805640
40	64	108	147	227	14610806440
40	69	87	126	217	12608606840
40	42	97	127	190	12609604240
0	0	0	0	0	0
red hot chili peppers - By The Way.mp3
40	80	91	180	182	18009008040
40	59	88	137	294	13608805840
40	49	98	147	186	14609804840
40	79	85	162	280	16208407840
40	78	108	150	253	15010807840
40	59	84	147	241	14608405840
40	78	108	121	234	12010807840
40	76	83	128	222	12808207640
40	45	89	128	274	12808804440
40	62	108	147	282	14610806240
40	79	116	147	203	14611607840
40	59	98	151	202	15009805840
40	73	82	155	278	15408207240
40	61	84	157	284	15608406040
40	69	119	139	242	13811806840
40	76	108	153	188	15210807640
40	72	108	157	291	15610807240
40	69	83	157	299	15608206840
40	49	81	153	247	15208004840
40	75	98	141	252	14009807440
40	66	85	157	217	15608406640
40	80	116	157	219	15611608040
40	80	87	157	258	15608608040
40	74	116	158	230	15811607440
40	60	113	140	291	14011206040
40	46	108	143	247	14210804640
40	50	93	161	209	16009205040
40	78	120	167	223	16612007840
40	59	105	178	210	17810405840
40	56	117	157	219	15611605640
40	57	116	136	248	13611605640
40	56	118	146	208	14611805640
40	56	90	125	211	12409005640
40	59	98	142	242	14209805840
40	79	82	158	218	15808207840
40	64	88	178	183	17808806440
40	67	113	130	198	13011206640
40	61	118	160	219	16011806040
40	78	98	147	196	14609807840
40	60	87	147	196	14608606040
40	60	94	157	250	15609406040
40	68	98	149	262	14809806840
40	68	117	156	266	15611606840
40	59	118	172	245	17211805840
40	51	98	137	266	13609805040
40	75	85	137	284	13608407440
40	66	98	157	269	15609806640
40	49	101	137	225	13610004840
40	43	108	157	270	15610804240
40	75	85	127	239	12608407440
40	76	114	128	290	12811407640
40	44	108	149	216	14810804440
40	58	111	147	235	14611005840
40	59	113	160	272	16011205840
40	48	109	137	196	13610804840
40	69	92	137	205	13609206840
40	48	93	167	212	16609204840
40	57	87	137	283	13608605640
40	46	110	127	255	12611004640
40	49	119	137	200	13611804840
40	77	85	174	183	17408407640
40	55	91	127	250	12609005440
40	45	99	165	218	16409804440
40	65	118	177	239	17611806440
40	54	108	127	225	12610805440
40	78	98	173	187	17209807840
40	53	84	171	289	17008405240
40	49	116	136	256	13611604840
40	53	109	126	193	12610805240
40	68	108	133	208	13210806840
40	46	88	157	252	15608804640
40	59	99	146	285	14609805840
40	78	112	154	281	15411207840
40	72	120	122	280	12212007240
40	53	88	176	253	17608805240
40	69	120	172	191	17212006840
40	60	112	167	246	16611206040
40	52	119	176	202	17611805240
40	62	108	146	285	14610806240
40	60	109	147	208	14610806040
40	65	88	156	181	15608806440
40	71	98	179	256	17809807040
40	73	119	137	292	13611807240
40	49	96	167	275	16609604840
40	56	108	143	187	14210805640
40	69	119	137	280	13611806840
40	47	81	166	284	16608004640
40	77	111	157	237	15611007640
40	66	91	177	285	17609006640
40	62	81	147	206	14608006240
40	57	118	148	207	14811805640
40	79	98	157	224	15609807840
40	67	106	147	183	14610606640
40	59	87	138	181	13808605840
40	67	118	137	196	13611806640
40	79	115	135	276	13411407840
40	49	98	127	186	12609804840
40	58	107	137	198	13610605840
40	67	108	176	189	17610806640
40	56	86	162	246	16208605640
40	66	88	147	270	14608806640
40	59	88	161	292	16008805840
40	44	88	176	186	17608804440
40	78	113	157	196	15611207840
40	60	94	171	283	17009406040
40	75	112	153	281	15211207440
40	65	98	124	268	12409806440
40	48	88	179	275	17808804840
40	71	115	176	293	17611407040
40	74	108	142	208	14210807440
40	49	88	157	197	15608804840
40	65	95	138	214	13809406440
40	54	93	147	249	14609205440
40	80	90	123	182	12209008040
40	63	103	178	295	17810206240
40	55	108	144	182	14410805440
40	42	113	147	186	14611204240
40	71	98	127	268	12609807040
40	60	98	127	249	12609806040
40	69	81	167	243	16608006840
40	60	110	180	194	18011006040
40	72	88	136	293	13608807240
40	64	103	166	258	16610206440
40	60	98	159	283	15809806040
40	43	98	129	283	12809804240
40	54	108	170	292	17010805440
40	59	98	143	286	14209805840
40	68	108	124	235	12410806840
40	80	98	157	186	15609808040
40	50	85	163	271	16208405040
40	73	86	127	207	12608607240
40	70	84	178	201	17808407040
40	52	119	127	275	12611805240
40	69	88	180	186	18008806840
40	44	114	170	220	17011404440
40	48	85	137	269	13608404840
40	59	88	161	294	16008805840
40	51	87	161	199	16008605040
40	43	88	137	260	13608804240
40	41	105	144	199	14410404040
40	80	108	158	246	15810808040
40	66	88	147	252	14608806640
40	79	111	173	215	17211007840
40	46	99	123	281	12209804640
40	53	88	132	205	13208805240
40	60	102	160	270	16010206040
40	77	112	177	211	17611207640
40	56	102	141	221	14010205640
40	69	97	165	284	16409606840
40	76	95	121	206	12009407640
40	66	107	146	209	14610606640
40	49	89	180	185	18008804840
40	48	119	162	234	16211804840
40	66	119	153	278	15211806640
40	47	98	158	221	15809804640
40	49	108	124	248	12410804840
40	64	88	146	286	14608806440
40	55	84	140	231	14008405440
40	61	83	147	291	14608206040
40	54	83	135	270	13408205440
40	49	97	178	196	17809604840
40	59	100	143	223	14210005840
40	78	94	147	250	14609407840
40	60	100	142	229	14210006040
40	55	108	154	284	15410805440
40	80	117	146	188	14611608040
40	69	88	124	299	12408806840
40	67	101	147	257	14610006640
40	55	105	172	186	17210405440
40	67	91	139	239	13809006640
40	52	107	123	183	12210605240
40	70	98	142	285	14209807040
40	59	107	166	221	16610605840
40	69	91	157	242	15609006840
40	45	113	136	279	13611204440
40	79	87	122	200	12208607840
40	45	99	134	228	13409804440
40	67	94	158	220	15809406640
40	55	103	128	285	12810205440
40	49	118	176	231	17611804840
40	60	81	129	244	12808006040
40	47	102	123	243	12210204640
40	75	96	140	283	14009607440
40	78	108	175	296	17410807840
40	61	82	153	203	15208206040
40	58	82	174	253	17408205840
40	64	91	136	206	13609006440
40	56	88	125	191	12408805640
40	66	116	147	199	14611606640
40	77	118	126	251	12611807640
40	78	83	158	189	15808207840
40	52	119	175	279	17411805240
40	43	84	167	186	16608404240
40	51	111	164	216	16411005040
40	52	118	126	183	12611805240
40	80	116	146	204	14611608040
40	61	88	137	272	13608806040
40	59	89	176	223	17608805840
40	68	116	141	284	14011606840
40	61	88	147	242	14608806040
40	49	86	121	236	12008604840
40	47	82	137	181	13608204640
40	61	115	158	197	15811406040
40	45	97	134	220	13409604440
40	69	90	180	236	18009006840
40	75	96	172	279	17209607440
40	47	102	164	288	16410204640
40	50	116	157	235	15611605040
40	78	98	166	193	16609807840
40	80	98	130	260	13009808040
40	78	118	137	230	13611807840
40	51	115	142	238	14211405040
40	47	119	176	248	17611804640
40	64	91	174	224	17409006440
40	67	86	145	276	14408606640
40	76	82	176	195	17608207640
40	50	111	179	257	17811005040
40	51	81	123	204	12208005040
40	72	91	147	190	14609007240
40	49	118	180	241	18011804840
40	52	117	137	212	13611605240
40	64	110	147	296	14611006440
40	77	107	150	250	15010607640
40	64	109	155	195	15410806440
40	73	92	123	218	12209207240
40	55	120	159	238	15812005440
40	51	85	163	259	16208405040
40	57	88	130	274	13008805640
40	53	118	161	294	16011805240
40	68	115	170	220	17011406840
40	53	89	150	237	15008805240
40	71	98	137	241	13609807040
40	62	98	179	294	17809806240
40	52	88	151	260	15008805240
40	78	105	133	277	13210407840
40	51	107	148	198	14810605040
40	59	118	151	202	15011805840
40	47	115	160	211	16011404640
40	49	85	146	216	14608404840
40	52	104	124	294	12410405240
40	64	109	137	195	13610806440
40	59	109	142	193	14210805840
40	46	88	123	289	12208804640
40	75	84	168	203	16808407440
40	64	87	172	220	17208606440
40	42	82	127	249	12608204240
40	48	111	165	204	16411004840
40	68	109	139	294	13810806840
40	59	83	137	211	13608205840
40	50	102	174	194	17410205040
40	51	97	161	283	16009605040
40	74	91	127	292	12609007440
40	60	104	180	196	18010406040
40	71	108	176	259	17610807040
40	73	114	141	246	14011407240
40	48	104	143	271	14210404840
40	49	98	139	242	13809804840
40	47	108	137	284	13610804640
40	67	117	142	276	14211606640
40	78	88	157	281	15608807840
40	79	101	154	294	15410007840
40	80	91	177	292	17609008040
40	75	84	157	231	15608407440
40	51	99	176	256	17609805040
40	41	98	140	210	14009804040
40	47	90	159	187	15809004640
40	69	102	147	279	14610206840
40	42	118	166	209	16611804240
40	66	98	147	246	14609806640
40	63	92	157	222	15609206240
40	58	117	170	210	17011605840
40	68	96	168	279	16809606840
40	78	107	166	202	16610607840
40	45	84	168	196	16808404440
40	61	88	147	186	14608806040
40	79	91	179	228	17809007840
40	51	84	160	216	16008405040
40	46	111	161	228	16011004640
40	45	106	159	295	15810604440
40	49	112	163	271	16211204840
40	49	100	149	250	14810004840
40	76	99	174	274	17409807640
40	73	103	135	196	13410207240
40	74	86	165	196	16408607440
40	64	99	157	255	15609806440
40	76	90	168	259	16809007640
40	49	95	176	278	17609404840
40	63	94	157	209	15609406240
40	69	100	137	283	13610006840
40	52	83	127	250	12608205240
40	79	87	137	241	13608607840
40	69	94	122	292	12209406840
40	69	105	174	217	17410406840
40	66	85	136	249	13608406640
40	52	116	127	231	12611605240
40	63	88	139	216	13808806240
40	49	119	134	249	13411804840
40	59	85	136	237	13608405840
40	65	110	149	265	14811006440
40	80	102	127	186	12610208040
40	58	118	153	280	15211805840
40	62	86	172	211	17208606240
40	59	109	160	208	16010805840
40	69	87	127	227	12608606840
40	76	86	177	213	17608607640
40	75	117	137	241	13611607440
40	72	96	166	262	16609607240
40	49	103	177	188	17610204840
40	42	95	125	187	12409404240
40	62	99	125	224	12409806240
40	57	81	170	199	17008005640
40	46	98	173	265	17209804640
40	52	81	140	206	14008005240
40	42	117	157	296	15611604240
40	79	115	177	287	17611407840
40	49	86	147	255	14608604840
40	43	107	133	225	13210604240
40	69	98	149	254	14809806840
40	46	101	137	289	13610004640
40	49	102	149	225	14810204840
40	69	95	178	208	17809406840
40	43	92	157	216	15609204240
40	72	95	171	196	17009407240
40	68	118	166	207	16611806840
40	50	88	127	182	12608805040
40	54	89	152	265	15208805440
40	69	89	157	231	15608806840
40	76	98	147	245	14609807640
40	49	108	169	204	16810804840
40	59	100	147	210	14610005840
40	45	86	164	242	16408604440
40	48	102	167	274	16610204840
40	78	108	136	210	13610807840
40	77	98	180	287	18009807640
40	66	96	149	288	14809606640
40	80	100	147	265	14610008040
40	54	87	167	202	16608605440
40	70	93	155	227	15409207040
40	60	110	144	282	14411006040
40	63	116	137	186	13611606240
40	67	108	178	201	17810806640
40	79	90	152	259	15209007840
40	76	98	171	236	17009807640
40	59	111	147	259	14611005840
40	46	115	172	231	17211404640
40	50	120	170	291	17012005040
40	60	119	160	215	16011806040
40	78	88	165	252	16408807840
40	69	97	123	246	12209606840
40	78	108	134	280	13410807840
40	65	101	144	198	14410006440
40	71	95	159	223	15809407040
40	46	83	172	296	17208204640
40	65	102	158	282	15810206440
40	55	98	124	257	12409805440
40	59	106	136	269	13610605840
40	72	104	131	281	13010407240
40	43	113	157	286	15611204240
40	61	116	137	233	13611606040
40	80	111	142	227	14211008040
40	64	105	178	276	17810406440
40	77	118	128	196	12811807640
40	53	98	147	192	14609805240
40	43	102	151	206	15010204240
40	51	101	146	209	14610005040
40	79	118	153	227	15211807840
40	49	106	178	202	17810604840
40	45	119	152	266	15211804440
40	77	96	150	268	15009607640
40	67	112	176	194	17611206640
40	62	102	156	252	15610206240
40	65	91	128	266	12809006440
40	42	110	147	224	14611004240
40	62	98	121	245	12009806240
40	42	87	147	235	14608604240
40	73	95	165	213	16409407240
40	69	85	158	279	15808406840
40	59	95	130	234	13009405840
40	59	108	145	186	14410805840
40	71	110	176	287	17611007040
40	66	110	170	269	17011006640
40	77	118	157	189	15611807640
40	68	107	121	214	12010606840
40	59	90	165	285	16409005840
40	65	118	133	246	13211806440
40	61	107	170	182	17010606040
40	74	100	164	238	16410007440
40	49	115	136	255	13611404840
40	47	100	127	244	12610004640
40	53	82	121	206	12008205240
40	78	117	138	219	13811607840
40	56	98	139	290	13809805640
40	78	89	124	223	12408807840
40	76	115	143	196	14211407640
40	66	112	130	298	13011206640
40	59	90	166	297	16609005840
40	76	117	157	272	15611607640
40	60	120	152	220	15212006040
40	80	92	147	243	14609208040
40	78	117	164	256	16411607840
40	56	88	127	234	12608805640
40	53	116	162	291	16211605240
40	69	89	157	256	15608806840
40	68	112	172	275	17211206840
40	41	98	160	234	16009804040
40	49	85	126	209	12608404840
40	52	85	128	259	12808405240
40	78	108	157	294	15610807840
40	56	104	172	282	17210405640
40	54	101	140	268	14010005440
40	78	109	176	209	17610807840
40	79	118	176	259	17611807840
40	53	88	127	231	12608805240
40	74	86	147	190	14608607440
40	49	96	125	187	12409604840
40	65	117	146	206	14611606440
40	80	98	145	187	14409808040
40	71	92	137	277	13609207040
40	48	119	152	292	15211804840
40	71	98	180	201	18009807040
40	60	93	126	265	12609206040
40	48	90	149	235	14809004840
40	80	109	137	285	13610808040
40	76	87	147	240	14608607640
40	68	100	147	196	14610006840
40	47	108	146	186	14610804640
40	49	96	155	267	15409604840
40	51	108	172	213	17210805040
40	68	92	178	219	17809206840
40	59	89	127	245	12608805840
40	49	98	177	225	17609804840
40	49	98	156	222	15609804840
40	69	95	177	276	17609406840
40	44	99	137	226	13609804440
40	57	112	137	286	13611205640
40	78	88	157	275	15608807840
40	48	106	147	270	14610604840
40	54	117	123	200	12211605440
40	72	120	157	294	15612007240
40	42	98	156	196	15609804240
40	79	108	122	223	12210807840
40	50	97	176	257	17609605040
40	62	86	131	294	13008606240
40	52	117	143	197	14211605240
40	54	95	165	231	16409405440
40	78	89	157	198	15608807840
40	50	99	124	242	12409805040
40	43	93	156	251	15609204240
40	64	117	145	211	14411606440
40	48	106	147	237	14610604840
40	63	98	124	193	12409806240
40	50	82	177	255	17608205040
40	49	118	122	186	12211804840
40	51	87	147	215	14608605040
40	47	98	161	222	16009804640
40	58	116	121	196	12011605840
40	68	100	177	252	17610006840
40	56	120	158	277	15812005640
40	49	103	171	253	17010204840
40	50	108	158	215	15810805040
40	60	116	157	281	15611606040
40	74	112	130	186	13011207440
40	69	98	170	223	17009806840
40	51	97	153	235	15209605040
40	76	87	150	284	15008607640
40	75	108	180	258	18010807440
40	60	109	174	244	17410806040
40	58	96	166	184	16609605840
40	71	112	163	220	16211207040
40	52	115	151	268	15011405240
40	68	98	165	218	16409806840
40	44	85	176	256	17608404440
40	62	120	178	271	17812006240
40	68	108	178	255	17810806840
40	43	86	137	224	13608604240
40	54	88	152	227	15208805440
40	58	88	127	192	12608805840
40	71	88	166	222	16608807040
40	52	94	169	186	16809405240
40	80	90	163	297	16209008040
40	68	104	137	237	13610406840
40	55	108	149	186	14810805440
40	68	110	122	196	12211006840
40	50	111	179	274	17811005040
40	68	96	127	245	12609606840
40	51	91	124	254	12409005040
40	69	92	135	217	13409206840
40	56	85	134	226	13408405640
40	69	101	122	183	12210006840
40	79	97	167	256	16609607840
40	61	99	157	186	15609806040
40	78	108	127	251	12610807840
40	58	103	177	215	17610205840
40	44	107	158	215	15810604440
40	49	111	170	254	17011004840
40	41	101	174	204	17410004040
40	49	108	178	234	17810804840
40	58	101	161	253	16010005840
40	70	97	144	198	14409607040
40	75	97	178	225	17809607440
40	59	95	137	236	13609405840
40	78	85	167	261	16608407840
40	80	119	178	295	17811808040
40	78	94	175	230	17409407840
40	63	89	121	294	12008806240
40	70	119	176	295	17611807040
40	43	99	127	238	12609804240
40	57	92	155	271	15409205640
40	59	115	172	228	17211405840
40	72	117	140	281	14011607240
40	75	98	128	200	12809807440
40	66	84	149	282	14808406640
40	58	119	138	259	13811805840
40	79	115	167	285	16611407840
40	43	91	138	252	13809004240
40	80	111	157	239	15611008040
40	65	108	132	284	13210806440
40	63	90	147	247	14609006240
40	45	87	176	275	17608604440
40	44	91	166	187	16609004440
40	67	89	157	238	15608806640
40	51	114	147	222	14611405040
40	67	110	169	206	16811006640
40	76	113	147	269	14611207640
40	45	95	139	196	13809404440
40	74	114	176	226	17611407440
40	69	103	164	259	16410206840
40	55	98	151	194	15009805440
40	76	108	150	260	15010807640
40	79	83	176	211	17608207840
40	73	98	170	255	17009807240
40	43	82	136	238	13608204240
40	57	113	172	274	17211205640
40	41	114	126	219	12611404040
40	72	114	128	238	12811407240
40	63	108	155	204	15410806240
40	74	105	177	290	17610407440
40	78	101	170	297	17010007840
40	57	104	124	254	12410405640
40	65	118	157	206	15611806440
40	79	112	135	284	13411207840
40	70	118	170	275	17011807040
40	49	108	178	288	17810804840
40	57	112	162	195	16211205640
40	60	100	130	247	13010006040
40	68	88	162	266	16208806840
40	73	85	124	224	12408407240
40	74	104	180	196	18010407440
40	67	102	125	235	12410206640
40	43	108	164	269	16410804240
40	70	111	139	186	13811007040
40	69	96	147	189	14609606840
40	78	108	172	202	17210807840
40	59	88	147	200	14608805840
40	51	88	124	230	12408805040
40	59	116	147	288	14611605840
40	78	89	127	181	12608807840
40	67	87	150	293	15008606640
40	56	108	137	193	13610805640
40	51	116	179	196	17811605040
40	70	88	159	253	15808807040
40	43	87	140	271	14008604240
40	55	107	177	283	17610605440
40	76	96	145	259	14409607640
40	73	119	166	228	16611807240
40	57	108	180	206	18010805640
40	70	88	138	223	13808807040
40	43	108	178	184	17810804240
40	53	99	123	274	12209805240
40	63	104	157	199	15610406240
40	78	84	121	294	12008407840
40	57	107	127	238	12610605640
40	78	98	137	271	13609807840
40	75	107	157	193	15610607440
40	66	115	167	298	16611406640
40	64	104	128	285	12810406440
40	66	108	167	185	16610806640
40	43	86	176	210	17608604240
40	68	108	130	258	13010806840
40	71	108	129	246	12810807040
40	62	101	141	231	14010006240
40	70	119	157	199	15611807040
40	72	92	151	295	15009207240
40	63	117	154	225	15411606240
40	49	83	178	198	17808204840
40	59	98	137	249	13609805840
40	42	88	177	265	17608804240
40	66	107	157	224	15610606640
40	42	98	157	244	15609804240
40	78	119	145	279	14411807840
40	78	92	143	232	14209207840
40	42	93	142	281	14209204240
40	59	88	145	197	14408805840
40	59	106	158	245	15810605840
40	54	84	178	279	17808405440
40	73	98	123	266	12209807240
40	55	88	143	192	14208805440
40	43	83	144	188	14408204240
40	59	88	147	198	14608805840
40	53	116	170	293	17011605240
40	44	108	147	235	14610804440
40	67	95	121	229	12009406640
40	41	83	132	296	13208204040
40	50	82	131	281	13008205040
40	66	92	173	282	17209206640
40	69	118	176	204	17611806840
40	67	103	137	249	13610206640
40	77	102	121	243	12010207640
40	68	97	139	294	13809606840
40	48	113	138	193	13811204840
40	80	111	178	185	17811008040
40	78	83	167	282	16608207840
40	80	98	127	257	12609808040
40	48	118	137	269	13611804840
40	49	82	178	208	17808204840
40	57	104	146	271	14610405640
40	60	101	122	290	12210006040
40	79	111	167	273	16611007840
40	50	117	132	236	13211605040
40	59	117	162	257	16211605840
40	59	114	157	294	15611405840
40	56	98	130	250	13009805640
40	79	106	134	236	13410607840
40	67	92	148	277	14809206640
40	47	87	145	199	14408604640
40	78	103	147	216	14610207840
40	53	108	127	208	12610805240
40	59	106	145	250	14410605840
40	73	98	137	190	13609807240
40	69	98	177	287	17609806840
40	78	87	141	187	14008607840
40	66	107	140	223	14010606640
40	78	83	159	292	15808207840
40	59	95	142	257	14209405840
40	49	86	169	247	16808604840
40	69	88	137	268	13608806840
40	65	99	151	286	15009806440
40	50	88	180	196	18008805040
40	52	101	157	240	15610005240
40	59	106	141	244	14010605840
40	57	103	147	269	14610205640
40	71	89	162	298	16208807040
40	74	118	176	289	17611807440
40	70	112	123	191	12211207040
40	67	112	176	199	17611206640
40	56	98	160	223	16009805640
40	48	108	147	263	14610804840
40	72	113	157	238	15611207240
40	73	117	176	291	17611607240
40	80	111	127	260	12611008040
40	59	104	131	230	13010405840
40	49	87	170	196	17008604840
40	56	96	131	262	13009605640
40	44	120	159	241	15812004440
40	57	107	141	270	14010605640
40	79	105	157	242	15610407840
40	50	120	129	248	12812005040
40	69	101	150	218	15010006840
40	45	104	157	205	15610404440
40	50	89	167	184	16608805040
40	79	107	132	289	13210607840
40	56	84	147	298	14608405640
40	71	88	152	284	15208807040
40	78	93	175	196	17409207840
40	71	110	142	279	14211007040
40	69	88	134	285	13408806840
40	57	87	159	285	15808605640
40	78	90	153	182	15209007840
40	47	118	127	207	12611804640
40	79	109	147	278	14610807840
40	58	85	137	186	13608405840
40	59	98	140	245	14009805840
40	55	99	157	195	15609805440
40	41	89	167	268	16608804040
40	58	109	160	196	16010805840
40	47	119	153	245	15211804640
40	53	94	160	186	16009405240
40	51	108	147	186	14610805040
40	60	115	156	243	15611406040
40	60	105	173	206	17210406040
40	49	83	165	265	16408204840
40	63	118	177	238	17611806240
40	69	91	126	190	12609006840
40	64	108	179	206	17810806440
40	41	90	168	185	16809004040
40	63	89	137	259	13608806240
40	80	107	149	252	14810608040
40	42	81	133	269	13208004240
40	75	95	170	249	17009407440
40	78	114	127	206	12611407840
40	52	88	138	200	13808805240
40	52	99	126	226	12609805240
40	46	98	156	214	15609804640
40	70	81	166	228	16608007040
40	43	117	138	235	13811604240
40	52	118	166	186	16611805240
40	46	104	131	239	13010404640
40	64	98	176	294	17609806440
40	66	101	171	200	17010006640
40	53	99	178	227	17809805240
40	47	94	159	238	15809404640
40	77	93	166	183	16609207640
40	74	83	153	275	15208207440
40	57	120	127	189	12612005640
40	51	108	148	186	14810805040
40	48	102	170	227	17010204840
40	73	99	157	256	15609807240
40	58	88	169	296	16808805840
40	54	114	176	224	17611405440
40	49	103	137	257	13610204840
40	45	108	165	214	16410804440
40	70	88	147	193	14608807040
40	59	117	145	206	14411605840
40	69	100	177	196	17610006840
40	63	94	148	215	14809406240
40	69	92	127	236	12609206840
40	56	101	123	224	12210005640
40	77	92	157	216	15609207640
40	66	96	144	210	14409606640
40	61	109	132	249	13210806040
40	78	113	147	185	14611207840
40	52	91	139	269	13809005240
40	41	111	157	261	15611004040
40	64	108	159	211	15810806440
40	59	115	168	229	16811405840
40	53	120	165	186	16412005240
40	70	108	129	239	12810807040
40	55	94	157	196	15609405440
40	58	112	127	245	12611205840
40	78	106	129	230	12810607840
40	74	118	138	272	13811807440
40	76	117	150	185	15011607640
40	79	100	169	237	16810007840
40	72	118	137	224	13611807240
40	49	111	147	204	14611004840
40	69	118	127	250	12611806840
40	76	108	178	201	17810807640
40	51	115	138	294	13811405040
40	75	102	147	206	14610207440
40	56	88	137	231	13608805640
40	55	83	150	185	15008205440
40	80	105	157	212	15610408040
40	59	109	131	249	13010805840
40	74	82	153	186	15208207440
40	56	112	137	184	13611205640
40	68	106	135	227	13410606840
40	59	108	159	236	15810805840
40	49	100	135	218	13410004840
40	74	99	152	219	15209807440
40	50	105	130	228	13010405040
40	68	88	158	182	15808806840
40	78	118	134	203	13411807840
40	80	98	174	227	17409808040
40	51	118	170	261	17011805040
40	69	88	137	205	13608806840
40	77	93	128	282	12809207640
40	80	87	146	294	14608608040
40	69	97	150	239	15009606840
40	66	83	156	284	15608206640
40	79	94	147	196	14609407840
40	47	97	157	288	15609604640
40	62	120	126	232	12612006240
40	75	99	129	225	12809807440
40	50	118	176	294	17611805040
40	79	108	160	195	16010807840
40	79	102	176	237	17610207840
40	72	87	137	293	13608607240
40	43	120	174	229	17412004240
40	73	108	131	198	13010807240
40	60	83	123	289	12208206040
40	42	91	131	232	13009004240
40	49	108	174	192	17410804840
40	71	98	157	197	15609807040
40	47	114	177	212	17611404640
40	61	114	159	228	15811406040
40	42	85	177	252	17608404240
40	41	116	158	188	15811604040
40	41	114	136	240	13611404040
40	80	116	137	215	13611608040
40	69	88	170	234	17008806840
40	46	87	124	252	12408604640
40	66	114	137	231	13611406640
40	61	90	157	245	15609006040
40	57	116	147	248	14611605640
40	49	87	159	255	15808604840
40	78	100	136	255	13610007840
40	65	87	128	195	12808606440
40	76	104	167	229	16610407640
40	69	82	144	270	14408206840
40	57	89	137	245	13608805640
40	77	96	166	295	16609607640
40	69	103	140	186	14010206840
40	58	90	147	196	14609005840
40	50	93	147	272	14609205040
40	63	89	158	192	15808806240
40	59	107	176	185	17610605840
40	41	97	144	280	14409604040
40	63	90	141	271	14009006240
40	45	82	150	196	15008204440
40	66	82	171	200	17008206640
40	46	87	147	183	14608604640
40	71	118	174	216	17411807040
40	66	98	171	202	17009806640
40	50	120	156	181	15612005040
40	50	103	172	259	17210205040
40	66	95	148	294	14809406640
40	70	101	175	298	17410007040
40	45	96	135	201	13409604440
40	73	93	128	269	12809207240
40	56	95	135	216	13409405640
40	66	81	127	242	12608006640
40	73	115	167	196	16611407240
40	77	98	157	247	15609807640
40	49	107	148	196	14810604840
40	62	98	176	283	17609806240
40	69	108	156	284	15610806840
40	67	114	177	192	17611406640
40	79	83	178	254	17808207840
40	71	98	147	215	14609807040
40	47	117	147	190	14611604640
40	69	105	145	293	14410406840
40	59	83	147	250	14608205840
40	49	108	156	237	15610804840
40	60	110	133	254	13211006040
40	49	98	137	255	13609804840
40	73	98	143	206	14209807240
40	59	118	152	287	15211805840
40	49	98	161	216	16009804840
40	45	110	127	236	12611004440
40	62	120	143	243	14212006240
40	55	98	126	195	12609805440
40	41	81	163	199	16208004040
40	75	85	180	289	18008407440
40	49	89	125	200	12408804840
40	67	88	123	234	12208806640
40	79	83	167	254	16608207840
40	59	102	167	211	16610205840
40	68	98	140	289	14009806840
40	51	98	177	244	17609805040
40	50	88	143	216	14208805040
40	78	98	139	253	13809807840
40	66	98	153	290	15209806640
40	54	88	157	281	15608805440
40	41	98	157	204	15609804040
40	49	98	137	211	13609804840
40	75	89	133	207	13208807440
40	46	118	147	253	14611804640
40	78	108	129	289	12810807840
40	78	98	137	284	13609807840
40	78	98	137	284	13609807840
40	78	98	137	284	13609807840
40	78	108	137	255	13610807840
40	78	98	137	284	13609807840
40	78	98	137	284	13609807840
40	78	98	137	284	13609807840
40	78	98	137	284	13609807840
40	78	108	137	255	13610807840
40	78	98	137	284	13609807840
40	78	98	137	284	13609807840
40	78	98	137	284	13609807840
40	78	98	137	284	13609807840
40	78	108	137	255	13610807840
40	78	98	137	284	13609807840
40	78	98	137	284	13609807840
40	78	98	137	284	13609807840
40	78	98	137	284	13609807840
40	78	108	137	255	13610807840
40	78	98	137	284	13609807840
40	78	98	137	284	13609807840
40	78	98	137	284	13609807840
40	78	98	137	284	13609807840
40	78	108	137	255	13610807840
40	78	98	137	284	13609807840
40	78	98	137	284	13609807840
40	78	98	137	284	13609807840
40	78	98	137	284	13609807840
40	78	108	137	255	13610807840
40	78	98	137	284	13609807840
40	78	98	137	284	13609807840
40	78	98	137	284	13609807840
40	78	98	137	284	13609807840
40	78	108	137	255	13610807840
40	78	98	137	284	13609807840
40	78	98	137	284	13609807840
40	78	98	137	284	13609807840
40	78	98	137	284	13609807840
40	78	108	137	255	13610807840
40	78	98	137	284	13609807840
40	78	98	137	284	13609807840
40	78	98	137	284	13609807840
40	78	98	137	284	13609807840
40	78	108	137	255	13610807840
40	78	98	137	284	13609807840
40	78	98	137	284	13609807840
40	78	98	137	284	13609807840
40	78	98	137	284	13609807840
40	78	108	137	255	13610807840
40	78	98	137	284	13609807840
40	78	98	137	284	13609807840
40	78	98	137	284	13609807840
40	78	98	137	284	13609807840
40	78	108	137	255	13610807840
40	78	98	137	284	13609807840
40	78	98	137	284	13609807840
40	78	98	137	284	13609807840
40	78	98	137	284	13609807840
40	78	108	137	255	13610807840
40	78	98	137	284	13609807840
40	78	98	137	284	13609807840
40	78	98	137	284	13609807840
40	78	98	137	284	13609807840
40	78	108	137	255	13610807840
40	78	98	137	284	13609807840
40	78	98	137	284	13609807840
40	78	98	137	284	13609807840
40	78	98	137	284	13609807840
40	78	108	137	255	13610807840
40	78	98	137	284	13609807840
40	78	98	137	284	13609807840
40	78	98	137	284	13609807840
40	78	98	137	284	13609807840
40	78	108	137	255	13610807840
40	78	98	137	284	13609807840
40	78	98	137	284	13609807840
40	78	98	137	284	13609807840
40	78	98	137	284	13609807840
40	78	108	137	255	13610807840
40	78	98	137	284	13609807840
40	78	98	137	284	13609807840
40	78	98	137	284	13609807840
40	78	98	137	284	13609807840
40	78	108	137	255	13610807840
40	78	98	137	284	13609807840
40	78	98	137	284	13609807840
40	78	98	137	284	13609807840
40	78	98	137	284	13609807840
40	78	108	137	255	13610807840
40	78	98	137	284	13609807840
40	78	98	137	284	13609807840
40	78	98	137	284	13609807840
40	78	98	137	284	13609807840
40	78	108	137	255	13610807840
40	78	98	137	284	13609807840
40	78	98	137	284	13609807840
40	78	98	137	284	13609807840
40	78	98	137	284	13609807840
40	78	108	137	255	13610807840
40	78	98	137	284	13609807840
40	78	98	137	284	13609807840
40	78	98	137	284	13609807840
40	78	98	137	284	13609807840
40	78	108	137	255	13610807840
40	78	98	137	284	13609807840
40	78	98	137	284	13609807840
40	78	98	137	284	13609807840
40	78	98	137	284	13609807840
40	78	108	137	255	13610807840
40	78	98	137	284	13609807840
40	78	98	137	284	13609807840
40	78	98	137	284	13609807840
40	78	98	137	284	13609807840
40	78	108	137	255	13610807840
40	78	98	137	284	13609807840
40	78	98	137	284	13609807840
40	78	98	137	284	13609807840
40	78	98	137	284	13609807840
40	78	108	137	255	13610807840
40	78	98	137	284	13609807840
40	78	98	137	284	13609807840
40	78	98	137	284	13609807840
40	78	98	137	284	13609807840
40	78	108	137	255	13610807840
40	78	98	137	284	13609807840
40	78	98	137	284	13609807840
40	78	98	137	284	13609807840
40	78	98	137	284	13609807840
40	78	108	137	255	13610807840
40	78	98	137	284	13609807840
40	78	98	137	284	13609807840
40	78	98	137	284	13609807840
40	78	98	137	284	13609807840
40	78	108	137	255	13610807840
40	78	98	137	284	13609807840
40	78	98	137	284	13609807840
40	78	98	137	284	13609807840
40	78	98	137	284	13609807840
40	78	108	137	255	13610807840
40	78	98	137	284	13609807840
40	78	98	137	284	13609807840
40	78	98	137	284	13609807840
40	78	98	137	284	13609807840
40	78	108	137	255	13610807840
40	78	98	137	284	13609807840
40	78	98	137	284	13609807840
40	78	98	137	284	13609807840
40	78	98	137	284	13609807840
40	78	108	137	255	13610807840
40	78	98	137	284	13609807840
40	78	98	137	284	13609807840
40	78	98	137	284	13609807840
40	78	98	137	284	13609807840
40	78	108	137	255	13610807840
40	78	98	137	284	13609807840
40	78	98	137	284	13609807840
40	78	98	137	284	13609807840
40	78	98	137	284	13609807840
40	78	108	137	255	13610807840
nirvana - smells like teens spirit.mp3
40	76	93	176	250	17609207640
40	41	81	139	265	13808004040
40	52	115	159	238	15811405240
40	50	118	141	213	14011805040
40	46	115	122	231	12211404640
40	79	118	121	215	12011807840
40	56	120	169	210	16812005640
40	53	108	146	185	14610805240
40	57	119	138	250	13811805640
40	69	95	147	241	14609406840
40	74	88	128	289	12808807440
40	67	82	157	215	15608206640
40	78	83	136	294	13608207840
40	80	96	180	285	18009608040
40	67	92	173	266	17209206640
40	49	103	177	248	17610204840
40	46	82	134	193	13408204640
40	68	119	157	188	15611806840
40	61	97	147	247	14609606040
40	76	112	131	218	13011207640
40	45	96	167	255	16609604440
40	63	105	144	262	14410406240
40	43	86	151	226	15008604240
40	52	118	136	291	13611805240
40	62	102	147	265	14610206240
40	78	98	154	295	15409807840
40	57	120	136	229	13612005640
40	58	120	166	214	16612005840
40	78	100	164	195	16410007840
40	50	113	128	233	12811205040
40	48	108	149	285	14810804840
40	61	98	131	262	13009806040
40	74	98	159	252	15809807440
40	79	88	128	228	12808807840
40	49	106	148	237	14810604840
40	76	118	167	204	16611807640
40	79	108	147	293	14610807840
40	62	108	178	238	17810806240
40	69	112	141	226	14011206840
40	50	108	133	250	13210805040
40	69	89	138	254	13808806840
40	41	107	136	206	13610604040
40	61	98	155	216	15409806040
40	61	108	176	181	17610806040
40	70	89	157	228	15608807040
40	67	81	177	234	17608006640
40	59	97	157	187	15609605840
40	63	98	147	292	14609806240
40	80	120	128	266	12812008040
40	78	89	140	254	14008807840
40	49	81	171	235	17008004840
40	70	118	141	241	14011807040
40	59	108	177	231	17610805840
40	55	108	157	218	15610805440
40	50	98	156	183	15609805040
40	69	88	140	285	14008806840
40	72	108	167	288	16610807240
40	65	118	143	245	14211806440
40	46	88	133	229	13208804640
40	79	99	176	186	17609807840
40	69	118	135	206	13411806840
40	63	111	127	229	12611006240
40	78	118	151	231	15011807840
40	76	108	148	253	14810807640
40	69	98	132	219	13209806840
40	59	110	130	259	13011005840
40	49	89	142	296	14208804840
40	59	98	177	246	17609805840
40	63	105	175	258	17410406240
40	76	97	138	294	13809607640
40	45	88	167	226	16608804440
40	59	118	166	186	16611805840
40	77	98	157	188	15609807640
40	79	118	174	265	17411807840
40	59	84	147	241	14608405840
40	77	98	128	280	12809807640
40	69	118	177	182	17611806840
40	72	108	153	228	15210807240
40	79	87	138	225	13808607840
40	53	112	122	238	12211205240
40	55	98	149	249	14809805440
40	60	112	130	250	13011206040
40	50	118	167	275	16611805040
40	46	108	138	195	13810804640
40	80	98	174	217	17409808040
40	50	98	177	294	17609805040
40	67	98	159	202	15809806640
40	44	118	146	275	14611804440
40	41	110	177	275	17611004040
40	59	92	147	211	14609205840
40	69	108	158	228	15810806840
40	80	89	135	288	13408808040
40	51	108	157	210	15610805040
40	50	92	178	235	17809205040
40	43	108	176	194	17610804240
40	63	119	132	296	13211806240
40	59	85	164	216	16408405840
40	53	89	147	271	14608805240
40	58	110	137	206	13611005840
40	63	118	157	260	15611806240
40	76	104	175	182	17410407640
40	74	88	171	184	17008807440
40	75	106	128	268	12810607440
40	56	99	121	248	12009805640
40	59	108	128	220	12810805840
40	55	103	128	275	12810205440
40	59	113	161	215	16011205840
40	71	111	158	285	15811007040
40	71	89	137	265	13608807040
40	79	85	160	230	16008407840
40	59	96	163	254	16209605840
40	60	88	177	247	17608806040
40	44	91	132	299	13209004440
40	78	117	122	294	12211607840
40	41	108	147	193	14610804040
40	42	88	168	185	16808804240
40	69	116	136	199	13611606840
40	49	108	130	241	13010804840
40	59	81	124	191	12408005840
40	57	111	167	265	16611005640
40	54	118	127	289	12611805440
40	60	106	135	277	13410606040
40	45	108	175	256	17410804440
40	76	118	127	241	12611807640
40	68	100	137	205	13610006840
40	55	84	121	292	12008405440
40	78	81	162	254	16208007840
40	46	119	157	221	15611804640
40	80	111	143	237	14211008040
40	71	114	148	203	14811407040
40	53	98	167	272	16609805240
40	76	95	157	206	15609407640
40	59	105	136	186	13610405840
40	78	98	157	262	15609807840
40	49	118	165	219	16411804840
40	53	100	126	237	12610005240
40	51	97	164	297	16409605040
40	75	118	157	251	15611807440
40	64	88	170	295	17008806440
40	66	98	128	256	12809806640
40	66	106	127	270	12610606640
40	45	108	148	276	14810804440
40	69	108	164	275	16410806840
40	62	118	156	202	15611806240
40	45	109	129	293	12810804440
40	47	108	135	249	13410804640
40	68	98	173	279	17209806840
40	71	109	138	205	13810807040
40	75	101	157	295	15610007440
40	58	109	157	192	15610805840
40	69	118	137	204	13611806840
40	56	89	134	226	13408805640
40	44	107	137	285	13610604440
40	45	113	128	257	12811204440
40	69	108	167	221	16610806840
40	49	81	178	289	17808004840
40	62	98	149	183	14809806240
40	70	96	140	233	14009607040
40	59	98	163	192	16209805840
40	59	95	177	263	17609405840
40	62	104	167	273	16610406240
40	79	97	155	269	15409607840
40	77	108	131	232	13010807640
40	70	106	147	275	14610607040
40	70	90	177	184	17609007040
40	71	98	157	223	15609807040
40	71	108	178	204	17810807040
40	42	118	157	294	15611804240
40	47	89	156	284	15608804640
40	69	108	139	200	13810806840
40	74	88	122	210	12208807440
40	59	108	145	275	14410805840
40	48	90	157	195	15609004840
40	64	98	147	186	14609806440
40	59	105	168	271	16810405840
40	43	98	177	195	17609804240
40	66	116	143	199	14211606640
40	49	113	167	185	16611204840
40	80	111	157	265	15611008040
40	55	87	148	244	14808605440
40	59	105	169	256	16810405840
40	66	102	147	205	14610206640
40	64	108	138	186	13810806440
40	60	98	142	197	14209806040
40	79	81	147	215	14608007840
40	49	85	170	285	17008404840
40	69	116	177	193	17611606840
40	69	88	179	186	17808806840
40	56	118	159	285	15811805640
40	43	98	138	285	13809804240
40	47	85	143	275	14208404640
40	44	118	128	182	12811804440
40	44	83	137	297	13608204440
40	79	104	147	247	14610407840
40	43	108	128	228	12810804240
40	66	98	128	264	12809806640
40	79	98	167	259	16609807840
40	59	98	170	244	17009805840
40	50	108	128	248	12810805040
40	72	118	167	224	16611807240
40	60	108	147	296	14610806040
40	79	96	161	199	16009607840
40	49	98	160	217	16009804840
40	62	98	127	293	12609806240
40	58	103	128	208	12810205840
40	79	92	130	251	13009207840
40	64	118	174	246	17411806440
40	44	86	142	225	14208604440
40	78	108	177	233	17610807840
40	45	88	144	256	14408804440
40	49	118	178	184	17811804840
40	59	87	128	233	12808605840
40	64	91	165	220	16409006440
40	80	108	155	279	15410808040
40	73	85	170	210	17008407240
40	43	118	141	204	14011804240
40	59	87	121	285	12008605840
40	69	90	125	280	12409006840
40	74	108	128	261	12810807440
40	59	98	121	261	12009805840
40	59	88	127	266	12608805840
40	41	96	157	231	15609604040
40	75	83	164	275	16408207440
40	70	82	157	213	15608207040
40	69	99	167	265	16609806840
40	49	103	167	296	16610204840
40	41	98	164	298	16409804040
40	73	98	157	279	15609807240
40	45	98	159	285	15809804440
40	77	108	150	275	15010807640
40	73	108	146	183	14610807240
40	58	107	136	257	13610605840
40	64	114	132	285	13211406440
40	42	98	124	265	12409804240
40	60	100	128	183	12810006040
40	69	88	150	245	15008806840
40	59	88	137	296	13608805840
40	49	98	157	295	15609804840
40	59	98	134	266	13409805840
40	79	91	170	206	17009007840
40	58	94	125	265	12409405840
40	69	120	177	199	17612006840
40	72	88	177	245	17608807240
40	80	120	147	238	14612008040
40	44	101	154	285	15410004440
40	69	83	146	219	14608206840
40	78	120	147	228	14612007840
40	68	87	128	236	12808606840
40	52	118	173	275	17211805240
40	73	120	155	250	15412007240
40	79	105	167	265	16610407840
40	57	85	157	227	15608405640
40	66	100	145	295	14410006640
40	59	114	130	196	13011405840
40	42	98	168	243	16809804240
40	59	108	153	278	15210805840
40	75	87	128	264	12808607440
40	69	110	138	216	13811006840
40	77	103	161	187	16010207640
40	63	108	143	215	14210806240
40	59	88	148	202	14808805840
40	52	98	180	288	18009805240
40	57	98	128	190	12809805640
40	60	98	138	209	13809806040
40	46	88	147	205	14608804640
40	69	108	128	242	12810806840
40	49	98	128	288	12809804840
40	41	118	150	293	15011804040
40	63	102	128	258	12810206240
40	51	120	164	275	16412005040
40	41	118	173	196	17211804040
40	50	98	177	272	17609805040
40	59	118	138	258	13811805840
40	63	88	177	294	17608806240
40	59	108	147	277	14610805840
40	53	118	147	289	14611805240
40	59	111	167	284	16611005840
40	74	88	180	259	18008807440
40	48	108	167	291	16610804840
40	69	89	159	256	15808806840
40	53	109	128	188	12810805240
40	54	108	138	259	13810805440
40	51	115	128	294	12811405040
40	53	106	128	285	12810605240
40	80	100	153	244	15210008040
40	48	118	147	242	14611804840
40	71	117	130	267	13011607040
40	46	118	167	208	16611804640
40	45	109	173	216	17210804440
40	56	87	167	236	16608605640
40	46	84	129	282	12808404640
40	52	108	177	285	17610805240
40	49	118	138	218	13811804840
40	79	83	146	197	14608207840
40	56	108	126	280	12610805640
40	78	120	167	268	16612007840
40	79	98	139	265	13809807840
40	55	98	157	274	15609805440
40	42	113	157	290	15611204240
40	79	108	168	256	16810807840
40	66	96	157	271	15609606640
40	43	88	163	238	16208804240
40	69	118	170	185	17011806840
40	56	115	147	187	14611405640
40	69	118	147	215	14611806840
40	63	118	173	269	17211806240
40	46	109	170	244	17010804640
40	63	114	135	258	13411406240
40	59	86	167	279	16608605840
40	72	98	167	262	16609807240
40	51	90	126	249	12609005040
40	46	102	156	295	15610204640
40	43	112	141	195	14011204240
40	59	91	138	186	13809005840
40	69	102	138	285	13810206840
40	52	102	154	299	15410205240
40	80	98	147	207	14609808040
40	73	96	176	206	17609607240
40	49	100	167	254	16610004840
40	69	88	167	272	16608806840
40	50	98	136	254	13609805040
40	69	92	137	181	13609206840
40	46	82	157	197	15608204640
40	51	88	126	258	12608805040
40	75	98	163	253	16209807440
40	67	107	177	299	17610606640
40	59	116	127	193	12611605840
40	77	101	147	270	14610007640
40	63	88	177	269	17608806240
40	59	89	157	200	15608805840
40	66	108	161	221	16010806640
40	71	111	167	267	16611007040
40	79	97	137	258	13609607840
40	69	81	137	244	13608006840
40	69	118	140	269	14011806840
40	69	108	138	208	13810806840
40	42	92	178	277	17809204240
40	47	98	151	257	15009804640
40	58	88	159	265	15808805840
40	48	98	125	287	12409804840
40	69	98	180	205	18009806840
40	49	95	128	220	12809404840
40	59	102	157	251	15610205840
40	63	117	167	250	16611606240
40	41	82	167	207	16608204040
40	51	83	142	183	14208205040
40	74	112	128	244	12811207440
40	64	100	136	201	13610006440
40	49	113	143	287	14211204840
40	59	82	156	240	15608205840
40	53	88	157	205	15608805240
40	49	88	128	271	12808804840
40	69	95	153	267	15209406840
40	69	98	159	232	15809806840
40	46	100	169	230	16810004640
40	56	118	170	220	17011805640
40	46	116	177	181	17611604640
40	46	94	170	252	17009404640
40	51	108	157	278	15610805040
40	80	91	147	288	14609008040
40	49	111	161	187	16011004840
40	77	105	139	261	13810407640
40	57	94	167	265	16609405640
40	42	98	180	244	18009804240
40	53	96	131	206	13009605240
40	69	100	136	217	13610006840
40	59	98	176	218	17609805840
40	48	98	167	227	16609804840
40	69	92	140	223	14009206840
40	55	100	167	297	16610005440
40	75	98	137	278	13609807440
40	69	110	157	292	15611006840
40	51	108	143	293	14210805040
40	59	108	124	291	12410805840
40	45	106	129	288	12810604440
40	49	118	133	184	13211804840
40	64	108	173	187	17210806440
40	49	86	128	187	12808604840
40	54	108	167	201	16610805440
40	43	98	128	259	12809804240
40	69	108	177	274	17610806840
40	59	98	147	274	14609805840
40	69	118	135	212	13411806840
40	79	103	135	226	13410207840
40	71	108	166	230	16610807040
40	49	98	139	183	13809804840
40	79	86	131	231	13008607840
40	58	83	159	239	15808205840
40	59	115	167	224	16611405840
40	66	94	151	183	15009406640
40	41	88	158	213	15808804040
40	71	89	133	265	13208807040
40	48	95	137	246	13609404840
40	67	105	171	291	17010406640
40	41	105	141	276	14010404040
40	48	114	128	220	12811404840
40	68	101	137	279	13610006840
40	45	82	175	212	17408204440
40	58	89	141	223	14008805840
40	79	118	122	197	12211807840
40	71	84	179	265	17808407040
40	43	108	147	215	14610804240
40	59	92	128	270	12809205840
40	42	90	158	187	15809004240
40	79	87	137	216	13608607840
40	45	118	157	246	15611804440
40	61	118	121	299	12011806040
40	59	102	168	245	16810205840
40	59	83	159	182	15808205840
40	50	98	137	246	13609805040
40	59	90	157	230	15609005840
40	79	91	155	252	15409007840
40	69	119	164	217	16411806840
40	59	86	156	285	15608605840
40	70	89	167	250	16608807040
40	74	91	129	272	12809007440
40	41	112	130	298	13011204040
40	76	88	135	263	13408807640
40	50	111	162	201	16211005040
40	59	108	137	209	13610805840
40	78	98	179	259	17809807840
40	79	118	132	221	13211807840
40	45	105	121	265	12010404440
40	71	98	128	282	12809807040
40	58	108	156	285	15610805840
40	69	84	127	229	12608406840
40	69	90	165	247	16409006840
40	61	98	125	255	12409806040
40	55	98	155	189	15409805440
40	61	111	144	234	14411006040
40	56	108	135	260	13410805640
40	59	97	148	232	14809605840
40	68	84	171	237	17008406840
40	44	118	131	272	13011804440
40	69	81	167	276	16608006840
40	64	118	128	227	12811806440
40	54	120	157	265	15612005440
40	54	98	163	276	16209805440
40	55	89	127	255	12608805440
40	54	118	173	260	17211805440
40	60	95	123	215	12209406040
40	60	86	172	220	17208606040
40	41	98	171	253	17009804040
40	59	108	158	284	15810805840
40	59	103	133	285	13210205840
40	72	105	171	260	17010407240
40	57	118	174	206	17411805640
40	44	88	151	264	15008804440
40	78	85	179	261	17808407840
40	46	83	147	216	14608204640
40	51	111	139	204	13811005040
40	55	95	157	290	15609405440
40	73	96	139	224	13809607240
40	69	85	169	186	16808406840
40	80	119	147	229	14611808040
40	78	108	128	267	12810807840
40	61	105	147	220	14610406040
40	73	117	175	200	17411607240
40	66	94	159	246	15809406640
40	75	106	166	249	16610607440
40	43	118	132	254	13211804240
40	55	88	177	210	17608805440
40	69	98	180	245	18009806840
40	62	90	145	285	14409006240
40	47	103	171	273	17010204640
40	61	88	171	284	17008806040
40	49	115	167	195	16611404840
40	69	108	121	221	12010806840
40	49	96	128	245	12809604840
40	79	107	167	236	16610607840
40	49	118	157	275	15611804840
40	63	107	136	289	13610606240
40	42	87	140	285	14008604240
40	57	105	170	280	17010405640
40	56	97	160	284	16009605640
40	69	89	157	294	15608806840
40	59	97	137	284	13609605840
40	47	118	164	279	16411804640
40	75	89	129	204	12808807440
40	59	108	169	295	16810805840
40	56	97	148	218	14809605640
40	69	87	147	181	14608606840
40	49	98	143	204	14209804840
40	69	103	152	241	15210206840
40	64	98	157	229	15609806440
40	51	113	138	234	13811205040
40	77	87	180	254	18008607640
40	65	102	167	229	16610206440
40	69	108	175	202	17410806840
40	71	89	129	244	12808807040
40	59	118	149	288	14811805840
40	79	108	128	212	12810807840
40	47	94	172	265	17209404640
40	69	108	177	259	17610806840
40	51	98	157	296	15609805040
40	47	88	172	298	17208804640
40	53	98	122	182	12209805240
40	72	106	157	235	15610607240
40	79	100	171	262	17010007840
40	79	108	156	199	15610807840
40	47	82	137	182	13608204640
40	53	108	166	287	16610805240
40	67	108	167	220	16610806640
40	46	83	160	291	16008204640
40	59	119	128	276	12811805840
40	66	88	147	275	14608806640
40	56	100	149	280	14810005640
40	59	98	155	205	15409805840
40	60	98	129	238	12809806040
40	51	118	130	202	13011805040
40	69	102	167	201	16610206840
40	73	107	138	284	13810607240
40	45	98	147	280	14609804440
40	71	88	175	258	17408807040
40	69	88	162	211	16208806840
40	58	96	171	192	17009605840
40	48	118	157	209	15611804840
40	44	108	138	199	13810804440
40	61	98	140	207	14009806040
40	62	101	180	216	18010006240
40	72	98	126	221	12609807240
40	68	118	129	241	12811806840
40	52	98	157	296	15609805240
40	71	113	176	222	17611207040
40	52	98	161	269	16009805240
40	68	116	126	219	12611606840
40	69	98	174	293	17409806840
40	69	104	145	196	14410406840
40	42	92	122	225	12209204240
40	49	94	157	244	15609404840
40	69	88	137	287	13608806840
40	64	116	128	253	12811606440
40	59	99	167	207	16609805840
40	71	88	122	196	12208807040
40	43	108	152	221	15210804240
40	46	88	157	258	15608804640
40	53	115	128	290	12811405240
40	78	108	153	201	15210807840
40	62	103	140	199	14010206240
40	49	118	174	187	17411804840
40	78	109	154	222	15410807840
40	56	108	121	218	12010805640
40	43	88	148	187	14808804240
40	71	108	135	238	13410807040
40	54	95	152	285	15209405440
40	71	96	147	264	14609607040
40	78	116	122	192	12211607840
40	74	90	133	185	13209007440
40	72	98	173	262	17209807240
40	78	120	162	267	16212007840
40	57	108	147	278	14610805640
40	51	96	169	215	16809605040
40	59	118	157	264	15611805840
40	79	116	121	276	12011607840
40	79	118	167	213	16611807840
40	59	118	137	283	13611805840
40	69	108	133	194	13210806840
40	69	108	177	188	17610806840
40	46	106	147	265	14610604640
40	78	82	177	214	17608207840
40	49	98	141	267	14009804840
40	79	108	155	273	15410807840
40	52	106	128	243	12810605240
40	80	88	163	194	16208808040
40	63	88	172	232	17208806240
40	53	115	126	274	12611405240
40	59	102	167	222	16610205840
40	59	118	121	200	12011805840
40	70	88	162	187	16208807040
40	78	101	138	184	13810007840
40	64	108	157	188	15610806440
40	69	108	157	272	15610806840
40	59	117	167	241	16611605840
40	54	98	138	238	13809805440
40	77	87	137	274	13608607640
40	63	96	132	193	13209606240
40	76	108	121	186	12010807640
40	59	87	164	203	16408605840
40	69	99	144	197	14409806840
40	69	82	123	228	12208206840
40	79	118	145	274	14411807840
40	78	101	162	282	16210007840
40	79	97	147	253	14609607840
40	78	108	138	287	13810807840
40	54	120	156	205	15612005440
40	66	101	157	211	15610006640
40	44	96	128	244	12809604440
40	62	115	147	186	14611406240
40	63	99	157	252	15609806240
40	56	103	128	212	12810205640
40	70	118	157	225	15611807040
40	53	118	129	195	12811805240
40	56	108	179	285	17810805640
40	73	114	139	265	13811407240
40	49	104	163	188	16210404840
40	59	100	135	225	13410005840
40	79	100	157	223	15610007840
40	49	88	177	209	17608804840
40	79	85	153	235	15208407840
40	55	118	165	279	16411805440
40	46	104	162	219	16210404640
40	79	116	157	275	15611607840
40	74	86	157	247	15608607440
40	50	94	157	272	15609405040
40	57	112	131	182	13011205640
40	59	88	158	238	15808805840
40	69	83	171	233	17008206840
40	49	106	157	234	15610604840
40	50	89	152	278	15208805040
40	78	118	131	249	13011807840
40	63	100	166	264	16610006240
40	56	108	155	190	15410805640
40	51	87	167	250	16608605040
40	49	96	157	289	15609604840
40	61	98	155	281	15409806040
40	70	101	154	280	15410007040
40	59	118	127	214	12611805840
40	47	87	161	241	16008604640
40	67	115	138	288	13811406640
40	59	118	157	189	15611805840
40	71	95	137	188	13609407040
40	43	99	177	224	17609804240
40	59	108	142	258	14210805840
40	49	99	157	209	15609804840
40	61	102	167	251	16610206040
40	50	108	140	267	14010805040
40	59	117	167	230	16611605840
40	70	106	177	275	17610607040
40	78	108	137	245	13610807840
40	52	107	157	186	15610605240
40	54	98	157	239	15609805440
40	58	98	135	184	13409805840
40	43	88	140	260	14008804240
40	59	88	170	190	17008805840
40	53	118	140	237	14011805240
40	64	98	179	218	17809806440
40	53	108	128	279	12810805240
40	49	88	168	211	16808804840
40	53	88	167	283	16608805240
40	79	118	157	295	15611807840
40	66	98	169	270	16809806640
40	42	98	178	299	17809804240
40	59	108	177	198	17610805840
40	67	118	167	291	16611806640
40	71	89	165	291	16408807040
40	71	106	128	279	12810607040
40	46	108	167	196	16610804640
40	56	118	142	187	14211805640
40	69	108	138	223	13810806840
40	53	115	128	228	12811405240
40	60	118	167	194	16611806040
40	61	106	135	231	13410606040
40	62	98	177	192	17609806240
40	74	82	128	286	12808207440
40	60	86	169	210	16808606040
40	45	88	145	263	14408804440
40	54	109	153	198	15210805440
40	65	118	144	287	14411806440
40	47	118	138	266	13811804640
40	43	98	125	250	12409804240
40	55	83	138	263	13808205440
40	70	104	164	215	16410407040
40	52	98	163	212	16209805240
40	74	84	121	216	12008407440
40	69	118	167	260	16611806840
40	65	99	152	201	15209806440
40	73	102	133	285	13210207240
40	59	98	147	255	14609805840
40	72	104	172	289	17210407240
40	77	99	139	269	13809807640
40	69	118	137	231	13611806840
40	69	108	147	218	14610806840
40	48	96	143	184	14209604840
40	59	114	154	265	15411405840
40	57	86	143	198	14208605640
40	50	88	177	192	17608805040
40	69	93	157	277	15609206840
40	78	99	177	197	17609807840
40	65	111	180	267	18011006440
40	71	118	156	296	15611807040
40	80	109	177	292	17610808040
40	75	108	126	217	12610807440
40	48	98	141	226	14009804840
40	69	117	131	245	13011606840
40	42	114	157	224	15611404240
40	45	118	180	205	18011804440
40	80	85	140	222	14008408040
40	80	108	134	273	13410808040
40	74	103	157	283	15610207440
40	50	103	137	194	13610205040
40	79	108	168	217	16810807840
40	63	96	149	215	14809606240
40	66	89	136	182	13608806640
40	74	85	123	259	12208407440
40	69	118	127	273	12611806840
40	52	83	155	184	15408205240
40	48	85	157	275	15608404840
40	41	88	168	216	16808804040
40	51	89	165	279	16408805040
40	70	118	156	289	15611807040
40	79	108	149	250	14810807840
40	79	107	164	276	16410607840
40	80	82	128	249	12808208040
40	52	108	143	187	14210805240
40	49	108	177	262	17610804840
40	77	115	128	228	12811407640
40	69	97	136	241	13609606840
40	72	106	167	183	16610607240
40	47	108	167	194	16610804640
40	49	108	157	238	15610804840
40	69	88	176	256	17608806840
40	43	90	158	216	15809004240
40	78	104	157	255	15610407840
40	67	98	157	197	15609806640
40	59	108	145	195	14410805840
40	49	118	154	295	15411804840
40	69	98	169	215	16809806840
40	75	88	140	294	14008807440
40	59	110	147	215	14611005840
40	71	85	128	213	12808407040
40	75	98	124	213	12409807440
40	78	88	149	274	14808807840
40	71	108	135	190	13410807040
40	49	88	129	273	12808804840
40	77	88	161	232	16008807640
40	73	114	131	266	13011407240
40	69	113	138	185	13811206840
40	48	118	157	263	15611804840
40	44	98	160	250	16009804440
40	52	114	156	254	15611405240
40	55	118	148	182	14811805440
40	69	108	140	293	14010806840
40	78	108	128	269	12810807840
40	79	118	122	249	12211807840
40	49	83	155	275	15408204840
40	64	118	150	208	15011806440
40	68	98	127	219	12609806840
40	46	118	128	273	12811804640
40	43	90	167	295	16609004240
40	68	118	131	265	13011806840
40	49	87	150	197	15008604840
40	78	118	154	222	15411807840
40	57	118	126	208	12611805640
40	70	104	124	285	12410407040
40	59	90	167	248	16609005840
40	69	89	126	227	12608806840
40	79	97	132	205	13209607840
40	75	108	175	191	17410807440
40	60	98	157	243	15609806040
40	59	98	146	290	14609805840
40	75	116	154	265	15411607440
40	49	98	177	286	17609804840
40	69	88	128	270	12808806840
40	79	118	125	251	12411807840
40	55	108	157	293	15610805440
40	49	88	176	275	17608804840
40	79	98	138	230	13809807840
40	79	112	155	244	15411207840
40	45	108	161	293	16010804440
40	69	97	168	275	16809606840
40	69	118	139	187	13811806840
40	70	118	177	271	17611807040
40	66	117	154	190	15411606640
40	51	95	157	188	15609405040
40	45	107	148	195	14810604440
40	69	118	128	264	12811806840
40	47	120	128	196	12812004640
40	49	117	138	192	13811604840
40	53	98	148	247	14809805240
40	69	106	164	206	16410606840
40	69	97	144	201	14409606840
40	49	118	141	208	14011804840
40	69	114	177	242	17611406840
40	60	120	157	284	15612006040
40	49	88	167	275	16608804840
40	59	85	147	227	14608405840
40	69	118	137	285	13611806840
40	68	90	121	236	12009006840
40	49	98	147	198	14609804840
40	69	108	166	187	16610806840
40	59	100	128	295	12810005840
40	79	98	137	274	13609807840
40	69	81	146	248	14608006840
40	76	105	137	185	13610407640
40	76	108	137	267	13610807640
40	61	108	124	216	12410806040
40	53	98	143	240	14209805240
40	76	118	157	277	15611807640
40	46	113	177	273	17611204640
40	69	108	157	285	15610806840
40	69	97	169	186	16809606840
40	49	92	167	277	16609204840
40	80	89	125	192	12408808040
40	69	104	138	195	13810406840
40	59	108	140	235	14010805840
40	67	108	151	192	15010806640
40	49	119	138	295	13811804840
40	79	117	179	228	17811607840
40	76	118	156	181	15611807640
40	62	88	124	295	12408806240
40	79	88	126	230	12608807840
40	76	88	172	195	17208807640
40	48	118	137	184	13611804840
40	41	118	137	282	13611804040
40	76	98	121	254	12009807640
40	53	118	138	221	13811805240
40	79	88	128	225	12808807840
40	49	118	162	225	16211804840
40	49	113	178	259	17811204840
40	66	88	167	290	16608806640
40	69	104	158	186	15810406840
40	69	99	171	275	17009806840
40	59	98	157	251	15609805840
40	73	103	177	229	17610207240
40	47	96	152	213	15209604640
40	59	98	144	201	14409805840
40	49	98	167	232	16609804840
40	66	118	167	213	16611806640
40	68	115	137	235	13611406840
40	78	102	146	226	14610207840
40	73	97	147	264	14609607240
40	52	98	137	208	13609805240
40	69	87	121	235	12008606840
40	69	100	126	240	12610006840
40	79	108	167	271	16610807840
40	43	108	134	207	13410804240
40	46	98	148	269	14809804640
40	60	83	166	253	16608206040
40	42	118	168	264	16811804240
40	43	117	162	188	16211604240
40	70	91	147	285	14609007040
40	59	98	148	220	14809805840
40	49	98	147	247	14609804840
40	65	113	176	277	17611206440
40	62	101	167	285	16610006240
40	53	109	148	285	14810805240
40	60	88	147	240	14608806040
40	61	118	137	192	13611806040
40	65	98	151	292	15009806440
40	72	88	180	289	18008807240
40	53	108	164	253	16410805240
40	74	98	127	251	12609807440
40	54	99	138	275	13809805440
40	47	108	157	251	15610804640
40	60	108	125	297	12410806040
40	80	88	135	270	13408808040
40	62	98	169	271	16809806240
40	74	83	147	258	14608207440
40	72	84	158	299	15808407240
40	47	108	169	291	16810804640
40	75	103	177	281	17610207440
40	49	118	135	240	13411804840
40	71	114	156	210	15611407040
40	58	115	133	203	13211405840
40	62	88	163	233	16208806240
40	43	108	123	285	12210804240
40	79	108	136	259	13610807840
40	53	108	157	204	15610805240
40	43	118	121	271	12011804240
40	69	88	157	200	15608806840
40	53	99	124	285	12409805240
40	49	118	160	192	16011804840
40	76	117	146	212	14611607640
40	71	83	138	200	13808207040
40	69	120	147	282	14612006840
40	66	90	180	249	18009006640
40	74	89	157	265	15608807440
40	68	108	179	276	17810806840
40	59	100	163	203	16210005840
40	61	93	158	265	15809206040
40	78	107	166	274	16610607840
40	75	85	129	199	12808407440
40	70	97	158	284	15809607040
40	74	98	152	285	15209807440
40	52	108	159	270	15810805240
40	59	109	162	277	16210805840
40	50	98	160	246	16009805040
40	67	108	155	210	15410806640
40	54	88	129	203	12808805440
40	54	99	128	265	12809805440
40	49	98	135	230	13409804840
40	73	119	144	245	14411807240
40	73	108	137	232	13610807240
40	78	81	143	276	14208007840
40	60	88	130	223	13008806040
40	75	108	157	294	15610807440
40	69	108	157	284	15610806840
40	42	86	148	272	14808604240
40	66	81	157	193	15608006640
40	48	99	147	270	14609804840
40	75	90	128	204	12809007440
40	49	98	126	285	12609804840
40	48	108	128	287	12810804840
40	58	88	179	295	17808805840
40	66	105	167	241	16610406640
40	76	108	172	250	17210807640
40	64	88	153	195	15208806440
40	73	94	134	236	13409407240
40	70	108	170	249	17010807040
40	56	104	160	233	16010405640
40	69	107	128	233	12810606840
40	70	97	162	273	16209607040
40	68	118	168	284	16811806840
40	56	98	157	275	15609805640
40	78	98	135	276	13409807840
40	50	98	133	196	13209805040
40	69	108	159	209	15810806840
40	78	111	167	291	16611007840
40	51	103	128	231	12810205040
40	53	118	157	202	15611805240
40	59	106	137	224	13610605840
40	49	98	161	206	16009804840
40	49	108	169	245	16810804840
40	70	101	144	260	14410007040
40	69	91	137	269	13609006840
40	79	108	157	207	15610807840
40	73	109	157	253	15610807240
40	53	100	160	186	16010005240
40	69	85	157	262	15608406840
40	79	118	127	276	12611807840
40	69	108	159	189	15810806840
40	63	87	175	203	17408606240
40	64	88	138	195	13808806440
40	54	118	178	289	17811805440
40	69	108	153	271	15210806840
40	77	116	177	247	17611607640
40	75	108	176	219	17610807440
40	71	118	140	269	14011807040
40	58	95	150	236	15009405840
40	53	98	177	188	17609805240
40	79	119	160	197	16011807840
40	79	90	148	197	14809007840
40	60	98	169	217	16809806040
40	73	88	167	272	16608807240
40	53	107	168	227	16810605240
40	72	99	123	275	12209807240
40	51	108	140	284	14010805040
40	62	118	173	187	17211806240
40	43	108	128	250	12810804240
40	79	98	165	231	16409807840
40	59	93	148	187	14809205840
40	64	118	127	196	12611806440
40	54	106	168	272	16810605440
40	59	85	173	234	17208405840
40	50	83	140	246	14008205040
40	57	105	142	286	14210405640
40	72	111	138	202	13811007240
40	71	103	166	209	16610207040
40	65	98	129	289	12809806440
40	62	106	153	208	15210606240
40	59	83	156	234	15608205840
40	49	86	163	183	16208604840
40	78	99	128	284	12809807840
40	69	99	143	203	14209806840
40	79	108	126	296	12610807840
40	72	118	172	212	17211807240
40	79	98	128	254	12809807840
40	52	108	160	257	16010805240
40	42	81	172	238	17208004240
40	75	108	157	219	15610807440
40	78	117	159	210	15811607840
40	79	98	128	284	12809807840
40	63	102	178	248	17810206240
40	49	85	140	281	14008404840
40	70	88	122	279	12208807040
40	79	100	128	213	12810007840
40	79	99	147	184	14609807840
40	49	97	138	255	13809604840
40	69	98	151	293	15009806840
40	56	105	156	293	15610405640
40	78	111	147	195	14611007840
40	59	98	128	203	12809805840
40	67	101	128	226	12810006640
40	42	108	134	280	13410804240
40	70	108	135	240	13410807040
40	59	108	137	210	13610805840
40	61	107	134	284	13410606040
40	43	113	128	290	12811204240
40	58	118	148	294	14811805840
40	59	98	160	219	16009805840
40	46	118	177	187	17611804640
40	59	98	137	209	13609805840
40	49	97	173	187	17209604840
40	50	98	142	274	14209805040
40	76	108	157	265	15610807640
40	79	108	141	298	14010807840
40	43	118	179	268	17811804240
40	77	108	121	204	12010807640
40	72	108	128	267	12810807240
40	48	98	147	188	14609804840
40	49	112	177	238	17611204840
40	69	85	173	192	17208406840
40	70	82	128	275	12808207040
40	43	107	141	189	14010604240
40	78	89	132	254	13208807840
40	61	84	137	279	13608406040
40	79	88	161	268	16008807840
40	43	90	138	279	13809004240
40	80	105	126	246	12610408040
40	42	88	148	219	14808804240
40	64	109	124	295	12410806440
40	79	88	128	207	12808807840
40	59	88	127	274	12608805840
40	59	98	167	183	16609805840
40	56	118	131	285	13011805640
40	54	89	177	275	17608805440
40	70	118	138	227	13811807040
40	62	118	128	252	12811806240
40	55	118	147	292	14611805440
40	69	91	133	294	13209006840
40	78	120	167	181	16612007840
40	43	111	177	197	17611004240
40	69	89	167	261	16608806840
40	72	99	136	253	13609807240
40	71	106	123	213	12210607040
40	59	88	148	236	14808805840
40	79	98	125	252	12409807840
40	67	98	167	228	16609806640
40	67	117	146	294	14611606640
40	69	88	156	222	15608806840
40	74	98	147	222	14609807440
40	41	92	147	194	14609204040
40	63	108	138	296	13810806240
40	74	109	177	184	17610807440
40	48	94	167	251	16609404840
40	54	118	147	184	14611805440
40	74	88	167	187	16608807440
40	79	117	128	239	12811607840
40	68	120	128	245	12812006840
40	42	98	143	220	14209804240
40	72	108	151	283	15010807240
40	66	115	123	294	12211406640
40	45	84	137	206	13608404440
40	43	118	148	249	14811804240
40	79	118	157	236	15611807840
40	49	99	167	247	16609804840
40	56	118	157	294	15611805640
40	48	105	140	186	14010404840
40	79	118	172	237	17211807840
40	67	114	128	227	12811406640
40	79	118	142	217	14211807840
40	60	89	167	194	16608806040
40	73	108	126	229	12610807240
40	75	84	167	292	16608407440
40	41	108	151	225	15010804040
40	71	118	128	270	12811807040
40	59	83	163	298	16208205840
40	42	98	167	292	16609804240
40	44	88	157	256	15608804440
40	69	116	147	264	14611606840
40	43	98	167	209	16609804240
40	46	99	135	221	13409804640
40	59	91	147	252	14609005840
40	71	98	167	216	16609807040
40	68	103	148	196	14810206840
40	45	107	137	249	13610604440
40	78	93	148	189	14809207840
40	52	90	147	183	14609005240
40	77	108	146	215	14610807640
40	78	98	172	200	17209807840
40	69	103	164	258	16410206840
40	43	116	147	240	14611604240
40	69	91	180	181	18009006840
40	49	108	175	192	17410804840
40	59	98	177	197	17609805840
40	79	98	127	197	12609807840
40	49	118	125	213	12411804840
40	74	103	155	198	15410207440
40	57	108	157	230	15610805640
40	49	118	149	286	14811804840
40	51	98	170	238	17009805040
40	45	108	138	212	13810804440
40	65	118	157	211	15611806440
40	48	91	124	196	12409004840
40	42	106	157	229	15610604240
40	58	118	162	187	16211805840
40	41	106	138	259	13810604040
40	67	108	152	237	15210806640
40	72	88	150	233	15008807240
40	76	108	165	231	16410807640
40	68	118	174	194	17411806840
40	71	95	167	272	16609407040
40	65	108	148	270	14810806440
40	59	98	138	278	13809805840
40	59	88	177	275	17608805840
40	58	108	136	213	13610805840
40	64	87	138	203	13808606440
40	69	88	137	249	13608806840
40	69	113	124	276	12411206840
40	79	95	132	211	13209407840
40	41	107	149	187	14810604040
40	56	88	157	245	15608805640
40	54	108	128	289	12810805440
40	66	94	138	210	13809406640
40	72	90	129	241	12809007240
40	78	98	157	242	15609807840
40	72	81	165	212	16408007240
40	59	98	123	235	12209805840
40	49	99	167	216	16609804840
40	78	98	128	238	12809807840
40	76	118	169	270	16811807640
40	59	108	138	218	13810805840
40	49	88	176	219	17608804840
40	69	109	159	285	15810806840
40	50	81	152	222	15208005040
40	44	107	128	275	12810604440
40	77	89	156	281	15608807640
40	78	108	148	290	14810807840
40	78	96	130	202	13009607840
40	72	85	167	271	16608407240
40	61	92	126	294	12609206040
40	43	118	141	264	14011804240
40	67	108	138	257	13810806640
40	55	108	147	246	14610805440
40	69	88	157	270	15608806840
40	69	98	137	197	13609806840
40	59	98	141	197	14009805840
40	49	108	136	281	13610804840
40	60	118	165	235	16411806040
40	54	108	143	243	14210805440
40	64	108	177	296	17610806440
40	59	96	147	256	14609605840
40	63	106	165	212	16410606240
40	68	118	157	235	15611806840
40	76	116	147	260	14611607640
40	79	119	128	260	12811807840
40	54	118	137	278	13611805440
40	58	112	128	187	12811205840
40	59	108	151	216	15010805840
40	75	113	147	189	14611207440
40	79	118	173	207	17211807840
40	79	88	168	299	16808807840
40	69	115	126	209	12611406840
40	59	98	167	246	16609805840
40	79	98	129	299	12809807840
40	44	108	167	212	16610804440
40	59	82	147	222	14608205840
40	69	109	122	257	12210806840
40	49	88	174	207	17408804840
40	49	108	157	244	15610804840
40	51	95	150	240	15009405040
40	70	93	170	255	17009207040
40	75	113	135	272	13411207440
40	78	98	153	208	15209807840
40	78	84	123	289	12208407840
40	73	105	151	214	15010407240
40	54	97	133	275	13209605440
40	59	108	142	236	14210805840
40	75	89	157	267	15608807440
40	61	98	155	297	15409806040
40	52	114	128	220	12811405240
40	49	91	169	275	16809004840
40	59	115	168	192	16811405840
40	59	96	127	189	12609605840
40	59	93	148	230	14809205840
40	52	100	128	256	12810005240
40	70	97	177	219	17609607040
40	59	96	146	249	14609605840
40	54	88	166	256	16608805440
40	69	120	131	287	13012006840
40	77	113	153	184	15211207640
